function data()
return {
	times = { 0, 41.667, 83.333, 125, 166.667, 208.333, 250, 291.667, 333.333, 375, 416.667, 458.333, 500, 541.667, 583.333, 625, 666.667, 708.333, 750, 791.667, 833.333, 875, 916.667, 958.333, 1000, 1041.667, 1083.333, 1125, 1166.667, 1208.333, 1250, 1291.667, 1333.333, 1375, 1416.667, 1458.333, 1500, 1541.667, 1583.333, 1625, 1666.667, 1708.333, 1750, 1791.667, 1833.333, 1875, 1916.667, 1958.333, 2000, 2041.667, 2083.333, },
	transfs = {
		{ 1, 0, -1.8188422125031e-20, 0, 0, 1, 1.7347234759768e-18, 0, -1.8188420509444e-20, 1.7347234759768e-18, 1, 0, 0.0030119323637336, 0, -0.0028756712563336, 1, },
		{ 0.99999988079071, -9.7699626167014e-15, -0.00057220086455345, 0, 1.0214050979518e-14, 1, 5.9517495099026e-13, 0, 0.00057220086455345, -5.9518362460764e-13, 0.99999988079071, 0, 0.0030119323637336, 0, -0.0028756712563336, 1, },
		{ 0.99999755620956, -3.6082248300318e-14, -0.0022086538374424, 0, 4.1078248522999e-14, 1, 2.2973220548117e-12, 0, 0.0022086538374424, -2.297407056262e-12, 0.99999755620956, 0, 0.0030119323637336, 0, -0.0028756712563336, 1, },
		{ 0.99998843669891, -7.1720407390785e-14, -0.0047892332077026, 0, 9.5701224722688e-14, 1, 4.9813868308046e-12, 0, 0.0047892332077026, -4.9817910213745e-12, 0.99998843669891, 0, 0.0030119323637336, 0, -0.0028756712563336, 1, },
		{ 0.99996644258499, -1.0835776720342e-13, -0.0081937070935965, 0, 1.7819078189981e-13, 1, 8.5222089801773e-12, 0, 0.0081937070935965, -8.5233868574175e-12, 0.99996644258499, 0, 0.0030119323637336, 0, -0.0028756712563336, 1, },
		{ 0.99992436170578, -1.3644640972643e-13, -0.012301814742386, 0, 2.9376501231582e-13, 1, 1.2794585703413e-11, 0, 0.012301814742386, -1.2797230289352e-11, 0.99992436170578, 0, 0.0046437070704997, 0, -0.0029362486675382, 1, },
		{ 0.9998545050621, -1.4699352846037e-13, -0.017052959650755, 0, 4.4952927556567e-13, 1, 1.7735332299984e-11, 0, 0.017052959650755, -1.7740418509216e-11, 0.9998545050621, 0, 0.0062753292731941, 0, -0.0029969024471939, 1, },
		{ 0.99974393844604, -1.2934098236883e-13, -0.022625181823969, 0, 6.6191496728152e-13, 1, 2.3529426670943e-11, 0, 0.022625181823969, -2.3538381313526e-11, 0.99974393844604, 0, 0.0087617486715317, 0, -0.0030892943032086, 1, },
		{ 0.99957191944122, -6.6391336872584e-14, -0.029255978763103, 0, 9.5679020262196e-13, 1, 3.0423538688318e-11, 0, 0.029255978763103, -3.0438509351915e-11, 0.99957191944122, 0, 0.012523345649242, 0, -0.0032290648669004, 1, },
		{ 0.99930846691132, 6.9055872131685e-14, -0.03718238696456, 0, 1.3695711231776e-12, 1, 3.8663697243813e-11, 0, 0.03718238696456, -3.8687879289068e-11, 0.99930846691132, 0, 0.018030852079391, 0, -0.0057197571732104, 1, },
		{ 0.99891173839569, 3.1641356201817e-13, -0.046640641987324, 0, 1.9475532297974e-12, 1, 4.8494899068663e-11, 0, 0.046640641987324, -4.8532958901726e-11, 0.99891173839569, 0, 0.025866698473692, 0, -0.0098340604454279, 1, },
		{ 0.99834042787552, 7.1920247535218e-13, -0.057587504386902, 0, 2.7331470420222e-12, 1, 5.9871455015958e-11, 0, 0.057587504386902, -5.9929491924571e-11, 0.99834042787552, 0, 0.036453247070312, 0, -0.015890959650278, 1, },
		{ 0.99762582778931, 1.2652101588628e-12, -0.068866670131683, 0, 3.6737279884846e-12, 1, 7.1591135797355e-11, 0, 0.068866670131683, -7.1674166601809e-11, 0.99762582778931, 0, 0.049769286066294, 0, -0.023050840944052, 1, },
		{ 0.99687093496323, 1.8725021533328e-12, -0.079046711325645, 0, 4.6369574846494e-12, 1, 8.2166849713072e-11, 0, 0.079046711325645, -8.2276276069937e-11, 0.99687093496323, 0, 0.065689235925674, 0, -0.030010526999831, 1, },
		{ 0.99623435735703, 2.4007462684494e-12, -0.086700662970543, 0, 5.4328759373223e-12, 1, 9.011708046458e-11, 0, 0.086700662970543, -9.0248773731982e-11, 0.99623435735703, 0, 0.084087677299976, 0, -0.035467222332954, 1, },
		{ 0.99590504169464, 2.6785240692107e-12, -0.090404957532883, 0, 5.8403282210406e-12, 1, 9.3964419578541e-11, 0, 0.090404957532883, -9.4107624470929e-11, 0.99590504169464, 0, 0.10491958260536, 0, -0.035944823175669, 1, },
		{ 0.9958119392395, 2.7575717317235e-12, -0.091425709426403, 0, 5.954903237182e-12, 1, 9.5024529911392e-11, 0, 0.091425709426403, -9.5170982206128e-11, 0.9958119392395, 0, 0.1277502477169, 0, -0.03649665787816, 1, },
		{ 0.99575489759445, 2.8060886947401e-12, -0.092044807970524, 0, 6.0250693323383e-12, 1, 9.5667494759422e-11, 0, 0.092044807970524, -9.5815952394496e-11, 0.99575489759445, 0, 0.15204162895679, 0, -0.037102662026882, 1, },
		{ 0.99572539329529, 2.8311797350966e-12, -0.092362716794014, 0, 6.0613731915626e-12, 1, 9.599764733137e-11, 0, 0.092362716794014, -9.6147131922741e-11, 0.99572539329529, 0, 0.17718322575092, 0, -0.037740401923656, 1, },
		{ 0.99571448564529, 2.840394586201e-12, -0.092479825019836, 0, 6.0746958678581e-12, 1, 9.6119272263717e-11, 0, 0.092479825019836, -9.6269138494254e-11, 0.99571448564529, 0, 0.20256362855434, 0, -0.038387067615986, 1, },
		{ 0.99571299552917, 2.8417268538306e-12, -0.092496551573277, 0, 6.0766942693025e-12, 1, 9.6136640315159e-11, 0, 0.092496551573277, -9.6286575934634e-11, 0.99571299552917, 0, 0.22757232189178, 0, -0.039019696414471, 1, },
		{ 0.99597436189651, 2.6199042935104e-12, -0.089638695120811, 0, 5.7548406144636e-12, 1, 9.3168570081126e-11, 0, 0.089638695120811, -9.3309353299542e-11, 0.99597436189651, 0, 0.25143766403198, 0, -0.039609983563423, 1, },
		{ 0.99663257598877, 2.0687895840865e-12, -0.08199617266655, 0, 4.9363846343908e-12, 1, 8.523060729404e-11, 0, 0.08199617266655, -8.5348374201377e-11, 0.99663257598877, 0, 0.27285492420197, 0, -0.037139128893614, 1, },
		{ 0.99747890233994, 1.3815614234233e-12, -0.070964567363262, 0, 3.8633540810906e-12, 1, 7.3770711761512e-11, 0, 0.070964567363262, -7.3858891225242e-11, 0.99747890233994, 0, 0.29014739394188, 0, -0.034263990819454, 1, },
		{ 0.99831986427307, 7.3441253078954e-13, -0.057942308485508, 0, 2.7607915953354e-12, 1, 6.0240139265755e-11, 0, 0.057942308485508, -6.0298890880439e-11, 0.99831986427307, 0, 0.30170470476151, 0, -0.031881712377071, 1, },
		{ 0.99901676177979, 2.4746871218895e-13, -0.044333152472973, 0, 1.797895166078e-12, 1, 4.6096567535292e-11, 0, 0.044333152472973, -4.6130953224033e-11, 0.99901676177979, 0, 0.30584898591042, 0, -0.032664489001036, 1, },
		{ 0.99950933456421, -3.7303493627405e-14, -0.031321488320827, 0, 1.0579315201653e-12, 1, 3.257091818476e-11, 0, 0.031321488320827, -3.2588074599937e-11, 0.99950933456421, 0, 0.30427625775337, 0, -0.033234860748053, 1, },
		{ 0.99981564283371, -1.4399591274136e-13, -0.019197218120098, 0, 5.2735593669695e-13, 1, 1.9965034833702e-11, 0, 0.019197218120098, -1.9971482800862e-11, 0.99981564283371, 0, 0.29940414428711, 0, -0.033682707697153, 1, },
		{ 0.99996775388718, -1.0680345496894e-13, -0.0080255828797817, 0, 1.738609256563e-13, 1, 8.3473627315866e-12, 0, 0.0080255828797817, -8.3484885671226e-12, 0.99996775388718, 0, 0.29093199968338, 0, -0.033996656537056, 1, },
		{ 0.9999977350235, 3.9523939676656e-14, 0.0021289326250553, 0, -3.486100297323e-14, 1, -2.2144872741103e-12, 0, -0.0021289326250553, 2.21440227266e-12, 0.9999977350235, 0, 0.27855849266052, 0, -0.034165646880865, 1, },
		{ 0.9999372959137, 2.6112442828678e-13, 0.011202540248632, 0, -1.3067324999838e-13, 1, -1.1653582612792e-11, 0, -0.011202540248632, 1.1651388187595e-11, 0.9999372959137, 0, 0.26193130016327, 0, -0.035562057048082, 1, },
		{ 0.99981743097305, 5.2402526762307e-13, 0.019105227664113, 0, -1.4410694859635e-13, 1, -1.9875769433075e-11, 0, -0.019105227664113, 1.986938391596e-11, 0.99981743097305, 0, 0.24106001853943, 0, -0.036959912627935, 1, },
		{ 0.99967122077942, 7.9036771702054e-13, 0.02564013376832, 0, -1.0635936575909e-13, 1, -2.6675701578216e-11, 0, -0.02564013376832, 2.6664203831017e-11, 0.99967122077942, 0, 0.21697677671909, 0, -0.038179244846106, 1, },
		{ 0.99953216314316, 1.0212941603527e-12, 0.030584013089538, 0, -4.8294701571194e-14, 1, -3.1820580892461e-11, 0, -0.030584013089538, 3.1804215511189e-11, 0.99953216314316, 0, 0.19098952412605, 0, -0.038751754909754, 1, },
		{ 0.99943149089813, 1.1808332089913e-12, 0.033713944256306, 0, 1.7763568394003e-15, 1, -3.5077975246711e-11, 0, -0.033713944256306, 3.505810225457e-11, 0.99943149089813, 0, 0.16436599195004, 0, -0.039300534874201, 1, },
		{ 0.99939405918121, 1.2388978731792e-12, 0.034806821495295, 0, 2.1649348980191e-14, 1, -3.6215412613227e-11, 0, -0.034806821495295, 3.6194217761798e-11, 0.99939405918121, 0, 0.13846617937088, 0, -0.037965696305037, 1, },
		{ 0.99940228462219, 1.2262413306985e-12, 0.03457023948431, 0, 1.7319479184152e-14, 1, -3.5969179024153e-11, 0, -0.03457023948431, 3.5948272136821e-11, 0.99940228462219, 0, 0.11432448774576, 0, -0.036696165800095, 1, },
		{ 0.99942719936371, 1.1873835248366e-12, 0.033839583396912, 0, 3.9968028886506e-15, 1, -3.520873870233e-11, 0, -0.033839583396912, 3.5188709585077e-11, 0.99942719936371, 0, 0.092415161430836, 0, -0.032695844769478, 1, },
		{ 0.99946892261505, 1.1221024109886e-12, 0.032583519816399, 0, -1.7430501486615e-14, 1, -3.3901496193645e-11, 0, -0.032583519816399, 3.3882931183005e-11, 0.99946892261505, 0, 0.072866968810558, 0, -0.027530746534467, 1, },
		{ 0.9995265007019, 1.0306199253393e-12, 0.030770644545555, 0, -4.5630166312094e-14, 1, -3.2014807471725e-11, 0, -0.030770644545555, 3.1998244331977e-11, 0.9995265007019, 0, 0.055840451270342, 0, -0.02192085236311, 1, },
		{ 0.99959754943848, 9.1471274998867e-13, 0.028369566425681, 0, -7.7382544816373e-14, 1, -2.9516049326883e-11, 0, -0.028369566425681, 2.9501973780599e-11, 0.99959754943848, 0, 0.041495207697153, 0, -0.016585310921073, 1, },
		{ 0.99967783689499, 7.789324198669e-13, 0.025383720174432, 0, -1.086908341108e-13, 1, -2.6408876821482e-11, 0, -0.025383720174432, 2.6397606323059e-11, 0.99967783689499, 0, 0.029907835647464, 0, -0.012106933631003, 1, },
		{ 0.99975895881653, 6.3460348087574e-13, 0.021956132724881, 0, -1.3322676295502e-13, 1, -2.2842202088147e-11, 0, -0.021956132724881, 2.2833774801501e-11, 0.99975895881653, 0, 0.020822448655963, 0, -0.0085216518491507, 1, },
		{ 0.99983316659927, 4.9293902293357e-13, 0.018264759331942, 0, -1.4577228313328e-13, 1, -1.9001274512154e-11, 0, -0.018264759331942, 1.8995435432934e-11, 0.99983316659927, 0, 0.013899688608944, 0, -0.0057290648110211, 1, },
		{ 0.99989503622055, 3.6248779043506e-13, 0.014487682841718, 0, -1.4421797089881e-13, 1, -1.50714041941e-11, 0, -0.014487682841718, 1.5067730049778e-11, 0.99989503622055, 0, 0.008790435269475, 0, -0.0038955686613917, 1, },
		{ 0.99994158744812, 2.4957813593574e-13, 0.010803036391735, 0, -1.2823075934421e-13, 1, -1.1237952408927e-11, 0, -0.010803036391735, 1.1235914108843e-11, 0.99994158744812, 0, 0.0051850890740752, 0, -0.0021179199684411, 1, },
		{ 0.99997270107269, 1.5754064719431e-13, 0.0073888711631298, 0, -1.0080825063596e-13, 1, -7.6861243064608e-12, 0, -0.0073888711631298, 7.6851632696551e-12, 0.99997270107269, 0, 0.0031698606908321, 0, -0.0020429992582649, 1, },
		{ 0.99999022483826, 8.7596596642925e-14, 0.0044233687222004, 0, -6.7168492989822e-14, 1, -4.6011978949156e-12, 0, -0.0044233687222004, 4.600859190157e-12, 0.99999022483826, 0, 0.0011544799199328, 0, -0.0019681549165398, 1, },
		{ 0.99999785423279, 3.8746783559418e-14, 0.0020846612751484, 0, -3.4194869158455e-14, 1, -2.1684321005466e-12, 0, -0.0020846612751484, 2.1683505685433e-12, 0.99999785423279, 0, 0.0011544799199328, 0, -0.0019681549165398, 1, },
		{ 0.99999976158142, 9.7699626167014e-15, 0.00055084371706471, 0, -9.5479171647434e-15, 1, -5.7297049049776e-13, 0, -0.00055084371706471, 5.7297049049776e-13, 0.99999976158142, 0, 0.0011544799199328, 0, -0.0019681549165398, 1, },
		{ 1, 0, -1.8188422125031e-20, 0, 0, 1, 1.7347234759768e-18, 0, -1.8188420509444e-20, 1.7347234759768e-18, 1, 0, 0.0011544799199328, 0, -0.0019681549165398, 1, },
	},
}
end
