function data()
return {
	times = { 0, 41.667, 83.333, 125, 166.667, 208.333, 250, 291.667, 333.333, 375, 416.667, 458.333, 500, 541.667, 583.333, 625, 666.667, 708.333, 750, 791.667, 833.333, 875, 916.667, 958.333, 1000, 1041.667, 1083.333, 1125, 1166.667, 1208.333, 1250, 1291.667, 1333.333, 1375, 1416.667, 1458.333, 1500, 1541.667, 1583.333, 1625, 1666.667, 1708.333, 1750, 1791.667, 1833.333, 1875, 1916.667, 1958.333, 2000, 2041.667, 2083.333, },
	transfs = {
		{ 1, 0, 0, 0, 0, 1, 0, 0, 0, 0, 1, 0, 0, 0, 0, 1, },
		{ 1, 0, 5.3018327889731e-05, 0, 0, 1, 0, 0, -5.3018327889731e-05, 0, 1, 0, 0.0020233152899891, 0, -0.00015460967551917, 1, },
		{ 0.99999988079071, 0, 0.00042425841093063, 0, 0, 1, 0, 0, -0.00042425841093063, 0, 0.99999988079071, 0, 0.0079867551103234, 0, -0.00061021803412586, 1, },
		{ 0.99999892711639, 0, 0.0014318600296974, 0, 0, 1, 0, 0, -0.0014318600296974, 0, 0.99999892711639, 0, 0.017732543870807, 0, -0.0013548278948292, 1, },
		{ 0.9999942779541, 0, 0.0033939853310585, 0, 0, 1, 0, 0, -0.0033939853310585, 0, 0.9999942779541, 0, 0.031101379543543, 0, -0.0023762320633978, 1, },
		{ 0.99997800588608, 0, 0.0066288486123085, 0, 0, 1, 0, 0, -0.0066288486123085, 0, 0.99997800588608, 0, 0.04793456941843, 0, -0.0036623382475227, 1, },
		{ 0.9999258518219, 0, 0.01218032091856, 0, 0, 1, 0, 0, -0.01218032091856, 0, 0.9999258518219, 0, 0.06805694103241, 0, -0.0051997182890773, 1, },
		{ 0.99978011846542, 0, 0.020969524979591, 0, 0, 1, 0, 0, -0.020969524979591, 0, 0.99978011846542, 0, 0.091225281357765, 0, -0.0069698332808912, 1, },
		{ 0.99945104122162, 0, 0.033129155635834, 0, 0, 1, 0, 0, -0.033129155635834, 0, 0.99945104122162, 0, 0.11717864871025, 0, -0.0089527321979403, 1, },
		{ 0.99880909919739, 0, 0.048788718879223, 0, 0, 1, 0, 0, -0.048788718879223, 0, 0.99880909919739, 0, 0.14565643668175, 0, -0.011128482408822, 1, },
		{ 0.99768042564392, 0, 0.068071931600571, 0, 0, 1, 0, 0, -0.068071931600571, 0, 0.99768042564392, 0, 0.17639952898026, 0, -0.013477305881679, 1, },
		{ 0.99589294195175, 0, 0.090538829565048, 0, 0, 1, 0, 0, -0.090538829565048, 0, 0.99589294195175, 0, 0.20863220095634, 0, -0.015939960256219, 1, },
		{ 0.99353474378586, 0, 0.11352853477001, 0, 0, 1, 0, 0, -0.11352853477001, 0, 0.99353474378586, 0, 0.23952452838421, 0, -0.018300209194422, 1, },
		{ 0.99100190401077, 0, 0.13384813070297, 0, 0, 1, 0, 0, -0.13384813070297, 0, 0.99100190401077, 0, 0.26573118567467, 0, -0.020302467048168, 1, },
		{ 0.98893660306931, 0, 0.14833906292915, 0, 0, 1, 0, 0, -0.14833906292915, 0, 0.98893660306931, 0, 0.28390869498253, 0, -0.021691245958209, 1, },
		{ 0.98809164762497, 0, 0.15386652946472, 0, 0, 1, 0, 0, -0.15386652946472, 0, 0.98809164762497, 0, 0.2907110452652, 0, -0.022210959345102, 1, },
		{ 0.98838889598846, 0, 0.15194477140903, 0, 0, 1, 0, 0, -0.15194477140903, 0, 0.98838889598846, 0, 0.28850370645523, 0, -0.022042330354452, 1, },
		{ 0.98930680751801, 0, 0.14584949612617, 0, 0, 1, 0, 0, -0.14584949612617, 0, 0.98930680751801, 0, 0.28629636764526, 0, -0.02187368273735, 1, },
		{ 0.99083483219147, 0, 0.13507872819901, 0, 0, 1, 0, 0, -0.13507872819901, 0, 0.99083483219147, 0, 0.27755463123322, 0, -0.021205767989159, 1, },
		{ 0.99287974834442, 0, 0.11912074685097, 0, 0, 1, 0, 0, -0.11912074685097, 0, 0.99287974834442, 0, 0.26159209012985, 0, -0.01998620852828, 1, },
		{ 0.99523991346359, 0, 0.097455561161041, 0, 0, 1, 0, 0, -0.097455561161041, 0, 0.99523991346359, 0, 0.23626007139683, 0, -0.018050784245133, 1, },
		{ 0.99751996994019, 0, 0.070384547114372, 0, 0, 1, 0, 0, -0.070384547114372, 0, 0.99751996994019, 0, 0.20019194483757, 0, -0.015295123681426, 1, },
		{ 0.99913728237152, 0, 0.0415278673172, 0, 0, 1, 0, 0, -0.0415278673172, 0, 0.99913728237152, 0, 0.15515471994877, 0, -0.011854190379381, 1, },
		{ 0.99988198280334, 0, 0.015365950763226, 0, 0, 1, 0, 0, -0.015365950763226, 0, 0.99988198280334, 0, 0.10369750857353, 0, -0.007922725751996, 1, },
		{ 0.99999356269836, 0, -0.0036118475254625, 0, 0, 1, 0, 0, 0.0036118475254625, 0, 0.99999356269836, 0, 0.048368833959103, 0, -0.003695507068187, 1, },
		{ 0.99994027614594, 0, -0.010930016636848, 0, 0, 1, 0, 0, 0.010930016636848, 0, 0.99994027614594, 0, -0.008282775990665, 0, 0.00063278194284067, 1, },
		{ 0.99999046325684, 0, -0.0043639615178108, 0, 0, 1, 0, 0, 0.0043639615178108, 0, 0.99999046325684, 0, -0.063818968832493, 0, 0.004875888582319, 1, },
		{ 0.99993115663528, 0, 0.011731587350368, 0, 0, 1, 0, 0, -0.011731587350368, 0, 0.99993115663528, 0, -0.1162510663271, 0, 0.0088817980140448, 1, },
		{ 0.99948960542679, 0, 0.031947605311871, 0, 0, 1, 0, 0, -0.031947605311871, 0, 0.99948960542679, 0, -0.16370025277138, 0, 0.012507018633187, 1, },
		{ 0.9987051486969, 0, 0.050873350352049, 0, 0, 1, 0, 0, -0.050873350352049, 0, 0.9987051486969, 0, -0.20428892970085, 0, 0.015608062036335, 1, },
		{ 0.99800646305084, 0, 0.063112415373325, 0, 0, 1, 0, 0, -0.063112415373325, 0, 0.99800646305084, 0, -0.23613844811916, 0, 0.01804143935442, 1, },
		{ 0.99762433767319, 0, 0.068887583911419, 0, 0, 1, 0, 0, -0.068887583911419, 0, 0.99762433767319, 0, -0.25803405046463, 0, 0.01971429772675, 1, },
		{ 0.99737644195557, 0, 0.072389349341393, 0, 0, 1, 0, 0, -0.072389349341393, 0, 0.99737644195557, 0, -0.27141082286835, 0, 0.020736331120133, 1, },
		{ 0.9972442984581, 0, 0.07418729364872, 0, 0, 1, 0, 0, -0.07418729364872, 0, 0.9972442984581, 0, -0.27836775779724, 0, 0.021267851814628, 1, },
		{ 0.99719482660294, 0, 0.074849545955658, 0, 0, 1, 0, 0, -0.074849545955658, 0, 0.99719482660294, 0, -0.27989149093628, 0, 0.02138427644968, 1, },
		{ 0.99718773365021, 0, 0.074944220483303, 0, 0, 1, 0, 0, -0.074944220483303, 0, 0.99718773365021, 0, -0.28141540288925, 0, 0.021500701084733, 1, },
		{ 0.99765241146088, 0, 0.068481154739857, 0, 0, 1, 0, 0, -0.068481154739857, 0, 0.99765241146088, 0, -0.27553328871727, 0, 0.021051291376352, 1, },
		{ 0.99861824512482, 0, 0.052550427615643, 0, 0, 1, 0, 0, -0.052550427615643, 0, 0.99861824512482, 0, -0.25975584983826, 0, 0.019845847040415, 1, },
		{ 0.99947667121887, 0, 0.032347358763218, 0, 0, 1, 0, 0, -0.032347358763218, 0, 0.99947667121887, 0, -0.23688338696957, 0, 0.0180983543396, 1, },
		{ 0.99991428852081, 0, 0.013088136911392, 0, 0, 1, 0, 0, -0.013088136911392, 0, 0.99991428852081, 0, -0.20971938967705, 0, 0.016022967174649, 1, },
		{ 1.0000001192093, 0, 7.4505805969238e-09, 0, 0, 1, 0, 0, -7.4505805969238e-09, 0, 1.0000001192093, 0, -0.18106460571289, 0, 0.013833675533533, 1, },
		{ 0.99997735023499, 0, -0.0067188441753387, 0, 0, 1, 0, 0, 0.0067188441753387, 0, 0.99997735023499, 0, -0.1532791107893, 0, 0.011710815131664, 1, },
		{ 0.99994176626205, 0, -0.010794095695019, 0, 0, 1, 0, 0, 0.010794095695019, 0, 0.99994176626205, 0, -0.12695434689522, 0, 0.0096995355561376, 1, },
		{ 0.99991691112518, 0, -0.012886739335954, 0, 0, 1, 0, 0, 0.012886739335954, 0, 0.99991691112518, 0, -0.10223937779665, 0, 0.0078112599439919, 1, },
		{ 0.99990665912628, 0, -0.01365764811635, 0, 0, 1, 0, 0, 0.01365764811635, 0, 0.99990665912628, 0, -0.079283751547337, 0, 0.0060573955997825, 1, },
		{ 0.99990516901016, 0, -0.013767801225185, 0, 0, 1, 0, 0, 0.013767801225185, 0, 0.99990516901016, 0, -0.058236386626959, 0, 0.0044493484310806, 1, },
		{ 0.99992388486862, 0, -0.012336038053036, 0, 0, 1, 0, 0, 0.012336038053036, 0, 0.99992388486862, 0, -0.039352111518383, 0, 0.003006553510204, 1, },
		{ 0.99996018409729, 0, -0.008921705186367, 0, 0, 1, 0, 0, 0.008921705186367, 0, 0.99996018409729, 0, -0.023305969312787, 0, 0.001780605292879, 1, },
		{ 0.99998825788498, 0, -0.004846416413784, 0, 0, 1, 0, 0, 0.004846416413784, 0, 0.99998825788498, 0, -0.010878295637667, 0, 0.00083110807463527, 1, },
		{ 0.99999892711639, 0, -0.0014318823814392, 0, 0, 1, 0, 0, 0.0014318823814392, 0, 0.99999892711639, 0, -0.0028500366024673, 0, 0.00021772383479401, 1, },
		{ 1.0000001192093, 0, 7.4505805969238e-09, 0, 0, 1, 0, 0, -7.4505805969238e-09, 0, 1.0000001192093, 0, -0.0028500366024673, 0, 0.00021772383479401, 1, },
	},
}
end
