function data()
return {
	times = { 0, 41.667, 83.333, 125, 166.667, 208.333, 250, 291.667, 333.333, 375, 416.667, 458.333, 500, 541.667, 583.333, 625, 666.667, 708.333, 750, 791.667, 833.333, 875, 916.667, 958.333, 1000, 1041.667, 1083.333, 1125, 1166.667, 1208.333, 1250, 1291.667, 1333.333, 1375, 1416.667, 1458.333, 1500, 1541.667, 1583.333, 1625, 1666.667, 1708.333, 1750, 1791.667, 1833.333, 1875, 1916.667, 1958.333, 2000, 2041.667, 2083.333, },
	transfs = {
		{ 1, 0, 0, 0, 0, 1, 0, 0, 0, 0, 1, 0, 0.0070080566219985, 0, -0.00034103394136764, 1, },
		{ 0.99999791383743, 0, 0.0020012632012367, 0, 0, 1, 0, 0, -0.0020012632012367, 0, 0.99999791383743, 0, 0.0070080566219985, 0, -0.00034103394136764, 1, },
		{ 0.99996757507324, 0, 0.0080523118376732, 0, 0, 1, 0, 0, -0.0080523118376732, 0, 0.99996757507324, 0, 0.0070080566219985, 0, -0.00034103394136764, 1, },
		{ 0.99983394145966, 0, 0.018223341554403, 0, 0, 1, 0, 0, -0.018223341554403, 0, 0.99983394145966, 0, 0.0070080566219985, 0, -0.00034103394136764, 1, },
		{ 0.99946904182434, 0, 0.032582338899374, 0, 0, 1, 0, 0, -0.032582338899374, 0, 0.99946904182434, 0, 0.0070080566219985, 0, -0.00034103394136764, 1, },
		{ 0.99868887662888, 0, 0.051192175596952, 0, 0, 1, 0, 0, -0.051192175596952, 0, 0.99868887662888, 0, 0.0070080566219985, 0, -0.00034103394136764, 1, },
		{ 0.99726170301437, 0, 0.07395401597023, 0, 0, 1, 0, 0, -0.07395401597023, 0, 0.99726170301437, 0, 0.0070080566219985, 0, -0.00034103394136764, 1, },
		{ 0.99497270584106, 0, 0.10014615207911, 0, 0, 1, 0, 0, -0.10014615207911, 0, 0.99497270584106, 0, 0.0070080566219985, 0, -0.00034103394136764, 1, },
		{ 0.99165952205658, 0, 0.12888512015343, 0, 0, 1, 0, 0, -0.12888512015343, 0, 0.99165952205658, 0, 0.0070080566219985, 0, -0.00034103394136764, 1, },
		{ 0.98723286390305, 0, 0.1592833250761, 0, 0, 1, 0, 0, -0.1592833250761, 0, 0.98723286390305, 0, 0.0070080566219985, 0, -0.00034103394136764, 1, },
		{ 0.98169577121735, 0, 0.19045579433441, 0, 0, 1, 0, 0, -0.19045579433441, 0, 0.98169577121735, 0, 0.0070080566219985, 0, -0.00034103394136764, 1, },
		{ 0.97521805763245, 0, 0.22124603390694, 0, 0, 1, 0, 0, -0.22124603390694, 0, 0.97521805763245, 0, 0.0070080566219985, 0, -0.00034103394136764, 1, },
		{ 0.96839928627014, 0, 0.24940504133701, 0, 0, 1, 0, 0, -0.24940504133701, 0, 0.96839928627014, 0, 0.0095379631966352, 0, -0.00046432492672466, 1, },
		{ 0.9621633887291, 0, 0.27247315645218, 0, 0, 1, 0, 0, -0.27247315645218, 0, 0.9621633887291, 0, 0.012067565694451, 0, -0.00058746337890625, 1, },
		{ 0.95761352777481, 0, 0.2880562543869, 0, 0, 1, 0, 0, -0.2880562543869, 0, 0.95761352777481, 0, 0.014597778208554, 0, -0.00071060180198401, 1, },
		{ 0.95587205886841, 0, 0.29378318786621, 0, 0, 1, 0, 0, -0.29378318786621, 0, 0.95587205886841, 0, 0.017900696024299, 0, -0.0008715057047084, 1, },
		{ 0.95661056041718, 0, 0.29136925935745, 0, 0, 1, 0, 0, -0.29136925935745, 0, 0.95661056041718, 0, 0.021203307434916, 0, -0.001032333355397, 1, },
		{ 0.95899564027786, 0, 0.28342068195343, 0, 0, 1, 0, 0, -0.28342068195343, 0, 0.95899564027786, 0, 0.02479125931859, 0, -0.0012070464435965, 1, },
		{ 0.96318227052689, 0, 0.26884934306145, 0, 0, 1, 0, 0, -0.26884934306145, 0, 0.96318227052689, 0, 0.028379516676068, 0, -0.0013817596482113, 1, },
		{ 0.96913808584213, 0, 0.24651855230331, 0, 0, 1, 0, 0, -0.24651855230331, 0, 0.96913808584213, 0, 0.031886290758848, 0, -0.0015525054186583, 1, },
		{ 0.97656166553497, 0, 0.21523770689964, 0, 0, 1, 0, 0, -0.21523770689964, 0, 0.97656166553497, 0, 0.035392761230469, 0, -0.0017232513055205, 1, },
		{ 0.9847024679184, 0, 0.17424434423447, 0, 0, 1, 0, 0, -0.17424434423447, 0, 0.9847024679184, 0, 0.038391418755054, 0, -0.001869277912192, 1, },
		{ 0.99219584465027, 0, 0.12468954175711, 0, 0, 1, 0, 0, -0.12468954175711, 0, 0.99219584465027, 0, 0.04139007627964, 0, -0.0020153045188636, 1, },
		{ 0.99766403436661, 0, 0.068312466144562, 0, 0, 1, 0, 0, -0.068312466144562, 0, 0.99766403436661, 0, 0.040669251233339, 0, -0.0019802092574537, 1, },
		{ 0.99997556209564, 0, 0.0069913864135742, 0, 0, 1, 0, 0, -0.0069913864135742, 0, 0.99997556209564, 0, 0.039948727935553, 0, -0.0019451141124591, 1, },
		{ 0.99835842847824, 0, -0.057275786995888, 0, 0, 1, 0, 0, 0.057275786995888, 0, 0.99835842847824, 0, 0.039227902889252, 0, -0.0019100188510492, 1, },
		{ 0.99253010749817, 0, -0.12200013548136, 0, 0, 1, 0, 0, 0.12200013548136, 0, 0.99253010749817, 0, 0.038507383316755, 0, -0.0018749237060547, 1, },
		{ 0.98310530185699, 0, -0.18304109573364, 0, 0, 1, 0, 0, 0.18304109573364, 0, 0.98310530185699, 0, 0.037786863744259, 0, -0.0018398284446448, 1, },
		{ 0.97174483537674, 0, -0.23603378236294, 0, 0, 1, 0, 0, 0.23603378236294, 0, 0.97174483537674, 0, 0.037066038697958, 0, -0.0018047331832349, 1, },
		{ 0.96089828014374, 0, -0.27690148353577, 0, 0, 1, 0, 0, 0.27690148353577, 0, 0.96089828014374, 0, 0.036345519125462, 0, -0.0017697142902762, 1, },
		{ 0.95336866378784, 0, -0.3018082678318, 0, 0, 1, 0, 0, 0.3018082678318, 0, 0.95336866378784, 0, 0.035624694079161, 0, -0.0017345427768305, 1, },
		{ 0.94924819469452, 0, -0.31452810764313, 0, 0, 1, 0, 0, 0.31452810764313, 0, 0.94924819469452, 0, 0.034904174506664, 0, -0.0016995238838717, 1, },
		{ 0.94666612148285, 0, -0.32221615314484, 0, 0, 1, 0, 0, 0.32221615314484, 0, 0.94666612148285, 0, 0.034183654934168, 0, -0.0016644286224619, 1, },
		{ 0.9453159570694, 0, -0.32615587115288, 0, 0, 1, 0, 0, 0.32615587115288, 0, 0.9453159570694, 0, 0.030080566182733, 0, -0.0014646148774773, 1, },
		{ 0.94481444358826, 0, -0.3276059627533, 0, 0, 1, 0, 0, 0.3276059627533, 0, 0.94481444358826, 0, 0.025976866483688, 0, -0.0012648010160774, 1, },
		{ 0.94474267959595, 0, -0.32781308889389, 0, 0, 1, 0, 0, 0.32781308889389, 0, 0.94474267959595, 0, 0.022171629592776, 0, -0.0010794829577208, 1, },
		{ 0.94729846715927, 0, -0.320352435112, 0, 0, 1, 0, 0, 0.320352435112, 0, 0.94729846715927, 0, 0.018366089090705, 0, -0.00089416501577944, 1, },
		{ 0.95380067825317, 0, -0.30044034123421, 0, 0, 1, 0, 0, 0.30044034123421, 0, 0.95380067825317, 0, 0.015356750227511, 0, -0.0007476806640625, 1, },
		{ 0.96236681938171, 0, -0.27175351977348, 0, 0, 1, 0, 0, 0.27175351977348, 0, 0.96236681938171, 0, 0.012347106821835, 0, -0.00060104369185865, 1, },
		{ 0.97125452756882, 0, -0.23804318904877, 0, 0, 1, 0, 0, 0.23804318904877, 0, 0.97125452756882, 0, 0.010224304161966, 0, -0.0004977416829206, 1, },
		{ 0.97913610935211, 0, -0.20320524275303, 0, 0, 1, 0, 0, 0.20320524275303, 0, 0.97913610935211, 0, 0.0081011960282922, 0, -0.00039428711170331, 1, },
		{ 0.98534685373306, 0, -0.17056249082088, 0, 0, 1, 0, 0, 0.17056249082088, 0, 0.98534685373306, 0, 0.0059780883602798, 0, -0.00029098510276526, 1, },
		{ 0.99005895853043, 0, -0.14065352082253, 0, 0, 1, 0, 0, 0.14065352082253, 0, 0.99005895853043, 0, 0.0052362061105669, 0, -0.00025482175988145, 1, },
		{ 0.99356210231781, 0, -0.11328838020563, 0, 0, 1, 0, 0, 0.11328838020563, 0, 0.99356210231781, 0, 0.0044943238608539, 0, -0.00021865844610147, 1, },
		{ 0.9960977435112, 0, -0.088256418704987, 0, 0, 1, 0, 0, 0.088256418704987, 0, 0.9960977435112, 0, 0.0037521361373365, 0, -0.00018249511776958, 1, },
		{ 0.99786353111267, 0, -0.065331667661667, 0, 0, 1, 0, 0, 0.065331667661667, 0, 0.99786353111267, 0, 0.0030102538876235, 0, -0.00014648436626885, 1, },
		{ 0.99900996685028, 0, -0.044486463069916, 0, 0, 1, 0, 0, 0.044486463069916, 0, 0.99900996685028, 0, 0.0022683716379106, 0, -0.00011032104521291, 1, },
		{ 0.99964821338654, 0, -0.026524512097239, 0, 0, 1, 0, 0, 0.026524512097239, 0, 0.99964821338654, 0, 0.00152587890625, 0, -7.4157709605061e-05, 1, },
		{ 0.9999223947525, 0, -0.012454505078495, 0, 0, 1, 0, 0, 0.012454505078495, 0, 0.9999223947525, 0, 0.00078399654012173, 0, -3.7994384911144e-05, 1, },
		{ 0.99999457597733, 0, -0.0032798983156681, 0, 0, 1, 0, 0, 0.0032798983156681, 0, 0.99999457597733, 0, 4.2114257666981e-05, 0, -1.8310546465727e-06, 1, },
		{ 1, 0, 0, 0, 0, 1, 0, 0, 0, 0, 1, 0, 4.2114257666981e-05, 0, -1.8310546465727e-06, 1, },
	},
}
end
