function data()
return {
	times = { 0, 41.667, 83.333, 125, 166.667, 208.333, 250, 291.667, 333.333, 375, 416.667, 458.333, 500, 541.667, 583.333, 625, 666.667, 708.333, 750, 791.667, 833.333, 875, 916.667, 958.333, 1000, 1041.667, 1083.333, 1125, 1166.667, 1208.333, 1250, 1291.667, 1333.333, 1375, 1416.667, 1458.333, 1500, 1541.667, 1583.333, 1625, 1666.667, 1708.333, 1750, 1791.667, 1833.333, 1875, 1916.667, 1958.333, 2000, 2041.667, 2083.333, },
	transfs = {
		{ 1, 0, -2.5014547881556e-16, 0, 0, 1, 0, 0, -2.5014547881556e-16, 0, 1, 0, -0.007725219707936, -4.7683714754498e-09, 0.0030588912777603, 1, },
		{ 0.99999690055847, 1.9085176147793e-11, -0.0024659929331392, 0, -1.9277024421172e-11, 1, -7.9281470277692e-11, 0, 0.0024659929331392, 7.9328543733936e-11, 0.99999690055847, 0, -0.007725219707936, -4.7683714754498e-09, 0.0030588912777603, 1, },
		{ 0.99995219707489, 7.4500405844447e-11, -0.0097753396257758, 0, -7.756995046293e-11, 1, -3.1399505218133e-10, 0, 0.0097753396257758, 3.1473845751862e-10, 0.99995219707489, 0, -0.007725219707936, -4.7683714754498e-09, 0.0030588912777603, 1, },
		{ 0.99976247549057, 1.618865042019e-10, -0.021794168278575, 0, -1.7715962030707e-10, 1, -6.9903277610806e-10, 0, 0.021794168278575, 7.0272804242322e-10, 0.99976247549057, 0, -0.007725219707936, -4.7683714754498e-09, 0.0030588912777603, 1, },
		{ 0.999263048172, 2.7487345732879e-10, -0.038384765386581, 0, -3.2227021051767e-10, 1, -1.2286882622448e-09, 0, 0.038384765386581, 1.240152425197e-09, 0.999263048172, 0, -0.007725219707936, -4.7683714754498e-09, 0.0030588912777603, 1, },
		{ 0.99823409318924, 4.0526870748181e-10, -0.059402879327536, 0, -5.1884541107938e-10, 1, -1.8966082038219e-09, 0, 0.059402879327536, 1.9240782300756e-09, 0.99823409318924, 0, -0.007725219707936, -4.7683714754498e-09, 0.0030588912777603, 1, },
		{ 0.99642640352249, 5.4208015853874e-10, -0.084465324878693, 0, -7.7192296998874e-10, 1, -2.6885329518223e-09, 0, 0.084465324878693, 2.7441249272897e-09, 0.99642640352249, 0, -0.007725219707936, -4.7683714754498e-09, 0.0030588912777603, 1, },
		{ 0.99367797374725, 6.699529819798e-10, -0.11226806044579, 0, -1.0765752733732e-09, 1, -3.561264172447e-09, 0, 0.11226806044579, 3.659614611351e-09, 0.99367797374725, 0, -0.007725219707936, -4.7683714754498e-09, 0.0030588912777603, 1, },
		{ 0.98996961116791, 7.7636030937356e-10, -0.14127995073795, 0, -1.4214904808796e-09, 1, -4.4654173692038e-09, 0, 0.14127995073795, 4.6214547744228e-09, 0.98996961116791, 0, -0.007725219707936, -4.7683714754498e-09, 0.0030588912777603, 1, },
		{ 0.98544710874557, 8.54178949794e-10, -0.16998182237148, 0, -1.7901840010381e-09, 1, -5.3532662747102e-09, 0, 0.16998182237148, 5.5796580689105e-09, 0.98544710874557, 0, -0.007725219707936, -4.7683714754498e-09, 0.0030588912777603, 1, },
		{ 0.98042750358582, 9.0197710411744e-10, -0.19688047468662, 0, -2.1608421718611e-09, 1, -6.1792571059982e-09, 0, 0.19688047468662, 6.4837397673045e-09, 0.98042750358582, 0, -0.007725219707936, -4.7683714754498e-09, 0.0030588912777603, 1, },
		{ 0.97535753250122, 9.2366642112651e-10, -0.22063015401363, 0, -2.5086206445479e-09, 1, -6.9035888117241e-09, 0, 0.22063015401363, 7.2869439371459e-09, 0.97535753250122, 0, -0.007725219707936, -4.7683714754498e-09, 0.0030588912777603, 1, },
		{ 0.97068113088608, 9.268283918118e-10, -0.24037079513073, 0, -2.8125572981708e-09, 1, -7.5020567535944e-09, 0, 0.24037079513073, 7.9581603529277e-09, 0.97068113088608, 0, -0.007725219707936, -4.7683714754498e-09, 0.0030588912777603, 1, },
		{ 0.96684259176254, 9.200746831084e-10, -0.25537306070328, 0, -3.0526958738619e-09, 1, -7.9546573772404e-09, 0, 0.25537306070328, 8.4704776526223e-09, 0.96684259176254, 0, -0.010987243615091, -4.7683714754498e-09, 0.0043503949418664, 1, },
		{ 0.96427220106125, 9.1162277726653e-10, -0.26491343975067, 0, -3.2095641699925e-09, 1, -8.2414741697789e-09, 0, 0.26491343975067, 8.7972802376157e-09, 0.96427220106125, 0, -0.014249267056584, -4.7683714754498e-09, 0.0056418990716338, 1, },
		{ 0.96334654092789, 9.0788887519011e-10, -0.26825985312462, 0, -3.265364645344e-09, 1, -8.3418916219102e-09, 0, 0.26825985312462, 8.9120977264656e-09, 0.96334654092789, 0, -0.017097778618336, -4.7683714754498e-09, 0.0067697521299124, 1, },
		{ 0.9638244509697, 9.0986063128184e-10, -0.26653796434402, 0, -3.2366018754004e-09, 1, -8.2902333886636e-09, 0, 0.26653796434402, 8.8530054398461e-09, 0.9638244509697, 0, -0.019946288317442, -4.7683714754498e-09, 0.0078976061195135, 1, },
		{ 0.96547055244446, 9.1592505802041e-10, -0.26051226258278, 0, -3.1367974884233e-09, 1, -8.1092572656871e-09, 0, 0.26051226258278, 8.6464213566728e-09, 0.96547055244446, 0, -0.022530211135745, -4.7683714754498e-09, 0.0089207077398896, 1, },
		{ 0.9685355424881, 9.2397556272772e-10, -0.24887506663799, 0, -2.9477076335382e-09, 1, -7.7588575564391e-09, 0, 0.24887506663799, 8.2483389007848e-09, 0.9685355424881, 0, -0.025114135816693, -4.7683714754498e-09, 0.0099437329918146, 1, },
		{ 0.97312366962433, 9.2691010422641e-10, -0.23028299212456, 0, -2.6555433407793e-09, 1, -7.1966406167689e-09, 0, 0.23028299212456, 7.6147461669507e-09, 0.97312366962433, 0, -0.027698058634996, -4.7683714754498e-09, 0.010966910980642, 1, },
		{ 0.97910690307617, 9.0980017963815e-10, -0.20334595441818, 0, -2.2535999733009e-09, 1, -6.3769087788046e-09, 0, 0.20334595441818, 6.7019354510478e-09, 0.97910690307617, 0, -0.031471252441406, -4.7683714754498e-09, 0.012460899539292, 1, },
		{ 0.98594379425049, 8.4755663598557e-10, -0.16707721352577, 0, -1.7516228467684e-09, 1, -5.2637183500792e-09, 0, 0.16707721352577, 5.4823865447418e-09, 0.98594379425049, 0, -0.035244751721621, -4.7683714754498e-09, 0.01395496353507, 1, },
		{ 0.99249428510666, 7.0984995659273e-10, -0.12229066342115, 0, -1.1925962439818e-09, 1, -3.8743772634575e-09, 0, 0.12229066342115, 3.9911398630466e-09, 0.99249428510666, 0, -0.039372555911541, -4.7683714754498e-09, 0.015589255839586, 1, },
		{ 0.99752366542816, 4.6742343329242e-10, -0.070330649614334, 0, -6.2669514022673e-10, 1, -2.2425092893741e-09, 0, 0.070330649614334, 2.2810318078825e-09, 0.99752366542816, 0, -0.043500058352947, -4.7683714754498e-09, 0.017223548144102, 1, },
		{ 0.99991989135742, 9.584510962668e-11, -0.012652903795242, 0, -1.0098943209469e-10, 1, -4.0628211905869e-10, 0, 0.012652903795242, 4.0752823338153e-10, 0.99991989135742, 0, -0.04264434799552, -4.7683714754498e-09, 0.016884727403522, 1, },
		{ 0.99879026412964, -4.2139802758356e-10, 0.049174010753632, 0, 3.4359359801783e-10, 1, 1.5908016015587e-09, 0, -0.049174010753632, -1.5719816559567e-09, 0.99879026412964, 0, -0.041788328438997, -4.7683714754498e-09, 0.016545753926039, 1, },
		{ 0.99359524250031, -1.0849028342363e-09, 0.11299726366997, 0, 6.7296923589311e-10, 1, 3.6837082273422e-09, 0, -0.11299726366997, -3.584070817908e-09, 0.99359524250031, 0, -0.040932312607765, -4.7683714754498e-09, 0.016206931322813, 1, },
		{ 0.98462581634521, -1.8531202128358e-09, 0.17467692494392, 0, 8.6428286749651e-10, 1, 5.7370392880784e-09, 0, -0.17467692494392, -5.4978661623295e-09, 0.98462581634521, 0, -0.040076293051243, -4.7683714754498e-09, 0.01586795784533, 1, },
		{ 0.97325283288956, -2.6471358438585e-09, 0.22973625361919, 0, 9.2681418095708e-10, 1, 7.5961592571616e-09, 0, -0.22973625361919, -7.1800605461192e-09, 0.97325283288956, 0, -0.039220578968525, -4.7683714754498e-09, 0.015529136173427, 1, },
		{ 0.96173697710037, -3.3615794592379e-09, 0.27397438883781, 0, 9.0057378221431e-10, 1, 9.1083940390035e-09, 0, -0.27397438883781, -8.5131457439047e-09, 0.96173697710037, 0, -0.038364563137293, -4.7683714754498e-09, 0.015190162695944, 1, },
		{ 0.95284348726273, -3.8769520926962e-09, 0.30346208810806, 0, 8.4393292354434e-10, 1, 1.0125869032152e-08, 0, -0.30346208810806, -9.3922647437239e-09, 0.95284348726273, 0, -0.037508849054575, -4.7683714754498e-09, 0.014851341024041, 1, },
		{ 0.94729375839233, -4.1869121503169e-09, 0.32036626338959, 0, 7.9694828514221e-10, 1, 1.0712660092338e-08, 0, -0.32036626338959, -9.8927213088018e-09, 0.94729375839233, 0, -0.033728331327438, -4.7683714754498e-09, 0.013354605995119, 1, },
		{ 0.94378125667572, -4.3792454107461e-09, 0.33057057857513, 0, 7.6336093002283e-10, 1, 1.1068141070325e-08, 0, -0.33057057857513, -1.0193561550409e-08, 0.94378125667572, 0, -0.029948119074106, -4.7683714754498e-09, 0.011857795529068, 1, },
		{ 0.94193482398987, -4.479268511659e-09, 0.33579581975937, 0, 7.4462391808083e-10, 1, 1.1250543607844e-08, 0, -0.33579581975937, -1.0347235956942e-08, 0.94193482398987, 0, -0.025941466912627, -4.7683714754498e-09, 0.010271338745952, 1, },
		{ 0.94124722480774, -4.5163304207563e-09, 0.33771812915802, 0, 7.3746520001805e-10, 1, 1.1317712989012e-08, 0, -0.33771812915802, -1.0403708117224e-08, 0.94124722480774, 0, -0.021934814751148, -4.7683714754498e-09, 0.0086848828941584, 1, },
		{ 0.94114875793457, -4.5216346222787e-09, 0.33799251914024, 0, 7.3643130482637e-10, 1, 1.1327302651409e-08, 0, -0.33799251914024, -1.0411767448204e-08, 0.94114875793457, 0, -0.018270874395967, -4.7683714754498e-09, 0.0072343060746789, 1, },
		{ 0.94419902563095, -4.3565133722723e-09, 0.32937535643578, 0, 7.6749984145863e-10, 1, 1.1026454416196e-08, 0, -0.32937535643578, -1.0158371033242e-08, 0.94419902563095, 0, -0.014606933109462, -4.7683714754498e-09, 0.0057835769839585, 1, },
		{ 0.95191019773483, -3.9296388365528e-09, 0.30637702345848, 0, 8.3659656979762e-10, 1, 1.0226868241148e-08, 0, -0.30637702345848, -9.4787466764501e-09, 0.95191019773483, 0, -0.011608581058681, -4.7683714754498e-09, 0.0045964429154992, 1, },
		{ 0.9619454741478, -3.3491698303578e-09, 0.27324140071869, 0, 9.0157925569656e-10, 1, 9.0831990817719e-09, 0, -0.27324140071869, -8.4911935260834e-09, 0.9619454741478, 0, -0.0086102290078998, -4.7683714754498e-09, 0.0034093093127012, 1, },
		{ 0.97215902805328, -2.7179769546137e-09, 0.23432150483131, 0, 9.273043999336e-10, 1, 7.7521251640178e-09, 0, -0.23432150483131, -7.3190107308108e-09, 0.97215902805328, 0, -0.0065499874763191, -4.7683714754498e-09, 0.002593498211354, 1, },
		{ 0.98096746206284, -2.1224089152838e-09, 0.19417195022106, 0, 8.9827878468896e-10, 1, 6.3924359139378e-09, 0, -0.19417195022106, -6.0963518677681e-09, 0.98096746206284, 0, -0.0044900509528816, -4.7683714754498e-09, 0.0017779158661142, 1, },
		{ 0.98763608932495, -1.6169785510556e-09, 0.15676380693913, 0, 8.2175688476127e-10, 1, 5.1375543819177e-09, 0, -0.15676380693913, -4.9452100192582e-09, 0.98763608932495, 0, -0.0024298094213009, -4.7683714754498e-09, 0.00096218107501045, 1, },
		{ 0.99239665269852, -1.2018830375382e-09, 0.12308057397604, 0, 7.1285199965132e-10, 1, 4.0173011583988e-09, 0, -0.12308057397604, -3.8990179973553e-09, 0.99239665269852, 0, -0.0024298094213009, -4.7683714754498e-09, 0.00096218107501045, 1, },
		{ 0.99563652276993, -8.6616935845996e-10, 0.093315929174423, 0, 5.8552629411679e-10, 1, 3.0348963342419e-09, 0, -0.093315929174423, -2.9670150780703e-09, 0.99563652276993, 0, -0.0024298094213009, -4.7683714754498e-09, 0.00096218107501045, 1, },
		{ 0.99771010875702, -5.9972649069095e-10, 0.067634612321854, 0, 4.5245227009438e-10, 1, 2.1928796556381e-09, 0, -0.067634612321854, -2.1572572617146e-09, 0.99771010875702, 0, -0.0024298094213009, -4.7683714754498e-09, 0.00096218107501045, 1, },
		{ 0.99893325567245, -3.9349501435026e-10, 0.046177919954062, 0, 3.2488500778527e-10, 1, 1.4933365655168e-09, 0, -0.046177919954062, -1.47674217299e-09, 0.99893325567245, 0, -0.0024298094213009, -4.7683714754498e-09, 0.00096218107501045, 1, },
		{ 0.99957883358002, -2.3926816083986e-10, 0.029019681736827, 0, 2.1218227175268e-10, 1, 9.3652063881677e-10, 0, -0.029019681736827, -9.2997076706069e-10, 0.99957883358002, 0, -0.0024298094213009, -4.7683714754498e-09, 0.00096218107501045, 1, },
		{ 0.99987161159515, -1.2874323829237e-10, 0.01602104306221, 0, 1.2049028441652e-10, 1, 5.1622084384917e-10, 0, -0.01602104306221, -5.1422505142895e-10, 0.99987161159515, 0, -0.0024298094213009, -4.7683714754498e-09, 0.00096218107501045, 1, },
		{ 0.99997556209564, -5.5120349257143e-11, 0.0069855153560638, 0, 5.3553602524792e-11, 1, 2.2483703787657e-10, 0, -0.0069855153560638, -2.2445867386978e-10, 0.99997556209564, 0, -0.0024298094213009, -4.7683714754498e-09, 0.00096218107501045, 1, },
		{ 0.99999856948853, -1.3368860705965e-11, 0.0017125903395936, 0, 1.3276491017677e-11, 1, 5.5087490125061e-11, 0, -0.0017125903395936, -5.5063505838282e-11, 0.99999856948853, 0, -0.0024298094213009, -4.7683714754498e-09, 0.00096218107501045, 1, },
		{ 1, 0, -2.5014547881556e-16, 0, 0, 1, 0, 0, -2.5014547881556e-16, 0, 1, 0, -0.0024298094213009, -4.7683714754498e-09, 0.00096218107501045, 1, },
	},
}
end
