function data()
return {
	times = { 0, 41.667, 83.333, 125, 166.667, 208.333, 250, 291.667, 333.333, 375, 416.667, 458.333, 500, 541.667, 583.333, 625, 666.667, 708.333, 750, 791.667, 833.333, 875, 916.667, 958.333, 1000, 1041.667, 1083.333, 1125, 1166.667, 1208.333, 1250, 1291.667, 1333.333, 1375, 1416.667, 1458.333, 1500, 1541.667, 1583.333, 1625, 1666.667, 1708.333, 1750, 1791.667, 1833.333, 1875, 1916.667, 1958.333, 2000, 2041.667, 2083.333, },
	transfs = {
		{ 1, 0, 0, 0, 0, 1, 0, 0, 0, 0, 1, 0, 0, 0, 0, 1, },
		{ 1, 0, 9.3720853328705e-05, 0, 0, 1, 0, 0, -9.3720853328705e-05, 0, 1, 0, 0.0052084350027144, 0, -0.0020956420339644, 1, },
		{ 0.99999976158142, 0, 0.00057612359523773, 0, 0, 1, 0, 0, -0.00057612359523773, 0, 0.99999976158142, 0, 0.0052084350027144, 0, -0.0020956420339644, 1, },
		{ 0.99999839067459, 0, 0.0017491951584816, 0, 0, 1, 0, 0, -0.0017491951584816, 0, 0.99999839067459, 0, 0.0054556271061301, 0, -0.0043176268227398, 1, },
		{ 0.99999225139618, 0, 0.003915049135685, 0, 0, 1, 0, 0, -0.003915049135685, 0, 0.99999225139618, 0, 0.0053875730372965, 0, -0.005662688985467, 1, },
		{ 0.99997276067734, 0, 0.0073755378834903, 0, 0, 1, 0, 0, -0.0073755378834903, 0, 0.99997276067734, 0, 0.0053195189684629, 0, -0.0070077511481941, 1, },
		{ 0.99992418289185, 0, 0.012313104234636, 0, 0, 1, 0, 0, -0.012313104234636, 0, 0.99992418289185, 0, 0.0050204466097057, 0, -0.0062740324065089, 1, },
		{ 0.9998300075531, 0, 0.018432170152664, 0, 0, 1, 0, 0, -0.018432170152664, 0, 0.9998300075531, 0, 0.0047212219797075, 0, -0.0055403900332749, 1, },
		{ 0.9996794462204, 0, 0.025317622348666, 0, 0, 1, 0, 0, -0.025317622348666, 0, 0.9996794462204, 0, 9.2010493972339e-05, 0, -0.0052883909083903, 1, },
		{ 0.99946993589401, 0, 0.032554276287556, 0, 0, 1, 0, 0, -0.032554276287556, 0, 0.99946993589401, 0, -0.0064030457288027, 0, -0.006215285975486, 1, },
		{ 0.99921059608459, 0, 0.039727166295052, 0, 0, 1, 0, 0, -0.039727166295052, 0, 0.99921059608459, 0, -0.014959563501179, 0, -0.0073712919838727, 1, },
		{ 0.99891924858093, 0, 0.046478856354952, 0, 0, 1, 0, 0, -0.046478856354952, 0, 0.99891924858093, 0, -0.025680389255285, 0, -0.0087682344019413, 1, },
		{ 0.99861127138138, 0, 0.052681386470795, 0, 0, 1, 0, 0, -0.052681386470795, 0, 0.99861127138138, 0, -0.038256376981735, 0, -0.014609069563448, 1, },
		{ 0.99830114841461, 0, 0.058264035731554, 0, 0, 1, 0, 0, -0.058264035731554, 0, 0.99830114841461, 0, -0.05322952196002, 0, -0.021576536819339, 1, },
		{ 0.99800360202789, 0, 0.063156306743622, 0, 0, 1, 0, 0, -0.063156306743622, 0, 0.99800360202789, 0, -0.070959322154522, 0, -0.027990797534585, 1, },
		{ 0.99773359298706, 0, 0.067287817597389, 0, 0, 1, 0, 0, -0.067287817597389, 0, 0.99773359298706, 0, -0.092013701796532, 0, -0.030293196439743, 1, },
		{ 0.99750429391861, 0, 0.070605717599392, 0, 0, 1, 0, 0, -0.070605717599392, 0, 0.99750429391861, 0, -0.1158796697855, 0, -0.032908402383327, 1, },
		{ 0.99732261896133, 0, 0.073126874864101, 0, 0, 1, 0, 0, -0.073126874864101, 0, 0.99732261896133, 0, -0.14176848530769, 0, -0.035748671740294, 1, },
		{ 0.99719214439392, 0, 0.074885576963425, 0, 0, 1, 0, 0, -0.074885576963425, 0, 0.99719214439392, 0, -0.16899459064007, 0, -0.036066971719265, 1, },
		{ 0.99711418151855, 0, 0.075915865600109, 0, 0, 1, 0, 0, -0.075915865600109, 0, 0.99711418151855, 0, -0.19643265008926, 0, -0.035055693238974, 1, },
		{ 0.9970885515213, 0, 0.076251775026321, 0, 0, 1, 0, 0, -0.076251775026321, 0, 0.9970885515213, 0, -0.22312042117119, 0, -0.032452315092087, 1, },
		{ 0.9971958398819, 0, 0.074836254119873, 0, 0, 1, 0, 0, -0.074836254119873, 0, 0.9971958398819, 0, -0.2480233758688, 0, -0.028208464384079, 1, },
		{ 0.99749547243118, 0, 0.070730105042458, 0, 0, 1, 0, 0, -0.070730105042458, 0, 0.99749547243118, 0, -0.26981902122498, 0, -0.02313094958663, 1, },
		{ 0.99794071912766, 0, 0.064143016934395, 0, 0, 1, 0, 0, -0.064143016934395, 0, 0.99794071912766, 0, -0.28711324930191, 0, -0.01824058406055, 1, },
		{ 0.99847054481506, 0, 0.055284105241299, 0, 0, 1, 0, 0, -0.055284105241299, 0, 0.99847054481506, 0, -0.2985121011734, 0, -0.014557800255716, 1, },
		{ 0.9990154504776, 0, 0.044362798333168, 0, 0, 1, 0, 0, -0.044362798333168, 0, 0.9990154504776, 0, -0.30245038866997, 0, -0.01464195176959, 1, },
		{ 0.99949818849564, 0, 0.031675230711699, 0, 0, 1, 0, 0, -0.031675230711699, 0, 0.99949818849564, 0, -0.30084058642387, 0, -0.014108810573816, 1, },
		{ 0.99984043836594, 0, 0.017862496897578, 0, 0, 1, 0, 0, -0.017862496897578, 0, 0.99984043836594, 0, -0.29542601108551, 0, -0.01673049852252, 1, },
		{ 0.99999326467514, 0, 0.0036535558756441, 0, 0, 1, 0, 0, -0.0036535558756441, 0, 0.99999326467514, 0, -0.28626984357834, 0, -0.02037582360208, 1, },
		{ 0.99994772672653, 0, -0.010221511125565, 0, 0, 1, 0, 0, 0.010221511125565, 0, 0.99994772672653, 0, -0.27326554059982, 0, -0.024452894926071, 1, },
		{ 0.99973464012146, 0, -0.023032834753394, 0, 0, 1, 0, 0, 0.023032834753394, 0, 0.99973464012146, 0, -0.25630521774292, 0, -0.028369292616844, 1, },
		{ 0.99941724538803, 0, -0.034131821244955, 0, 0, 1, 0, 0, 0.034131821244955, 0, 0.99941724538803, 0, -0.23548766970634, 0, -0.031595762819052, 1, },
		{ 0.99906677007675, 0, -0.043191738426685, 0, 0, 1, 0, 0, 0.043191738426685, 0, 0.99906677007675, 0, -0.21173751354218, 0, -0.033855590969324, 1, },
		{ 0.99875086545944, 0, -0.049966834485531, 0, 0, 1, 0, 0, 0.049966834485531, 0, 0.99875086545944, 0, -0.18618361651897, 0, -0.034934539347887, 1, },
		{ 0.9985294342041, 0, -0.054211925715208, 0, 0, 1, 0, 0, 0.054211925715208, 0, 0.9985294342041, 0, -0.1599575728178, 0, -0.034618988633156, 1, },
		{ 0.9984484910965, 0, -0.05568165704608, 0, 0, 1, 0, 0, 0.05568165704608, 0, 0.9984484910965, 0, -0.13437469303608, 0, -0.03102538920939, 1, },
		{ 0.99849796295166, 0, -0.054788466542959, 0, 0, 1, 0, 0, 0.054788466542959, 0, 0.99849796295166, 0, -0.11004135012627, 0, -0.027570724487305, 1, },
		{ 0.9986292719841, 0, -0.05233982950449, 0, 0, 1, 0, 0, 0.05233982950449, 0, 0.9986292719841, 0, -0.08745925873518, 0, -0.024310912936926, 1, },
		{ 0.99881428480148, 0, -0.048681993037462, 0, 0, 1, 0, 0, 0.048681993037462, 0, 0.99881428480148, 0, -0.067011408507824, 0, -0.021288450807333, 1, },
		{ 0.99902439117432, 0, -0.04416137188673, 0, 0, 1, 0, 0, 0.04416137188673, 0, 0.99902439117432, 0, -0.049081113189459, 0, -0.018546141684055, 1, },
		{ 0.99923431873322, 0, -0.039124384522438, 0, 0, 1, 0, 0, 0.039124384522438, 0, 0.99923431873322, 0, -0.03413375839591, 0, -0.015390014275908, 1, },
		{ 0.99942588806152, 0, -0.033879466354847, 0, 0, 1, 0, 0, 0.033879466354847, 0, 0.99942588806152, 0, -0.022351989522576, 0, -0.012586059048772, 1, },
		{ 0.99959141016006, 0, -0.028581229969859, 0, 0, 1, 0, 0, 0.028581229969859, 0, 0.99959141016006, 0, -0.013487548567355, 0, -0.010472793132067, 1, },
		{ 0.9997273683548, 0, -0.023345850408077, 0, 0, 1, 0, 0, 0.023345850408077, 0, 0.9997273683548, 0, -0.0072541809640825, 0, -0.0086521143093705, 1, },
		{ 0.99983268976212, 0, -0.018289849162102, 0, 0, 1, 0, 0, 0.018289849162102, 0, 0.99983268976212, 0, -0.0033305357210338, 0, -0.0070418547838926, 1, },
		{ 0.99990844726562, 0, -0.013529426418245, 0, 0, 1, 0, 0, 0.013529426418245, 0, 0.99990844726562, 0, -0.0022482299245894, 0, -0.005747833289206, 1, },
		{ 0.99995768070221, 0, -0.0091950371861458, 0, 0, 1, 0, 0, 0.0091950371861458, 0, 0.99995768070221, 0, -0.0011964415898547, 0, -0.0041793822310865, 1, },
		{ 0.99998497962952, 0, -0.0054737851023674, 0, 0, 1, 0, 0, 0.0054737851023674, 0, 0.99998497962952, 0, -0.00014465331332758, 0, -0.0026109314057976, 1, },
		{ 0.99999660253525, 0, -0.0025668442249298, 0, 0, 1, 0, 0, 0.0025668442249298, 0, 0.99999660253525, 0, -0.00026763914502226, 0, -0.0015055084368214, 1, },
		{ 0.99999970197678, 0, -0.00067517155548558, 0, 0, 1, 0, 0, 0.00067517155548558, 0, 0.99999970197678, 0, -0.00039062497671694, 0, -0.000400161719881, 1, },
		{ 1, 0, -7.4505805969238e-09, 0, 0, 1, 0, 0, 7.4505805969238e-09, 0, 1, 0, -0.00039062497671694, 0, -0.000400161719881, 1, },
	},
}
end
