function data()
return {
	times = { 0, 41.667, 83.333, 125, 166.667, 208.333, 250, 291.667, 333.333, 375, 416.667, 458.333, 500, 541.667, 583.333, 625, 666.667, 708.333, 750, 791.667, 833.333, 875, 916.667, 958.333, 1000, 1041.667, 1083.333, 1125, 1166.667, 1208.333, 1250, 1291.667, 1333.333, 1375, 1416.667, 1458.333, 1500, 1541.667, 1583.333, 1625, 1666.667, 1708.333, 1750, 1791.667, 1833.333, 1875, 1916.667, 1958.333, 2000, 2041.667, 2083.333, },
	transfs = {
		{ 1.0000001192093, 0, -3.5644475203397e-16, 0, -3.5527136788005e-15, 1.0000001192093, -8.8817841970013e-16, 0, -3.5644477850375e-16, -8.8817841970013e-16, 1.0000001192093, 0, -1.5258788721439e-07, -1.5258788721439e-07, -7.6293943607197e-08, 1, },
		{ 0.99999916553497, -1.5504042494285e-11, 0.0013476014137268, 0, 7.247535904753e-12, 1.0000001192093, 4.1917580517747e-11, 0, -0.0013476014137268, -8.8918206131439e-11, 0.99999916553497, 0, -1.5258788721439e-07, -1.5258788721439e-07, -7.6293943607197e-08, 1, },
		{ 0.99998962879181, -5.29567500962e-11, 0.0045610070228577, 0, 2.4311219704032e-11, 1.0000001192093, 1.4191180175427e-10, 0, -0.0045610070228577, -3.008562288187e-10, 0.99998962879181, 0, -1.5258788721439e-07, -1.5258788721439e-07, -7.6293943607197e-08, 1, },
		{ 0.99996477365494, -9.8552277449926e-11, 0.0083963871002197, 0, 4.4256154296818e-11, 1.0000001192093, 2.6133273323126e-10, 0, -0.0083963871002197, -5.5366200513163e-10, 0.99996477365494, 0, -1.5258788721439e-07, -1.5258788721439e-07, -7.6293943607197e-08, 1, },
		{ 0.9999326467514, -1.3749712479694e-10, 0.011609642766416, 0, 6.0612848074015e-11, 1.0000001192093, 3.6144598425381e-10, 0, -0.011609642766416, -7.6533179793614e-10, 0.9999326467514, 0, -1.5258788721439e-07, -1.5258788721439e-07, -7.6293943607197e-08, 1, },
		{ 0.9999161362648, -1.5403145425807e-10, 0.012957125902176, 0, 6.7377214918452e-11, 1.0000001192093, 4.0344438900775e-10, 0, -0.012957125902176, -8.5406082206418e-10, 0.9999161362648, 0, -1.5258788721439e-07, -1.5258788721439e-07, -7.6293943607197e-08, 1, },
		{ 0.99994504451752, -1.2379075542412e-10, 0.010485379956663, 0, 5.4928506187935e-11, 1.0000001192093, 3.2641134239952e-10, 0, -0.010485379956663, -6.91287027621e-10, 0.99994504451752, 0, -1.5258788721439e-07, -1.5258788721439e-07, -7.6293943607197e-08, 1, },
		{ 0.99999541044235, -3.536371195878e-11, 0.0030589995440096, 0, 1.6374457345592e-11, 1.0000001192093, 9.516476495719e-11, 0, -0.0030589995440096, -2.0180566939754e-10, 0.99999541044235, 0, -1.5258788721439e-07, -1.5258788721439e-07, -7.6293943607197e-08, 1, },
		{ 0.99995636940002, 1.0415135420772e-10, -0.0093388855457306, 0, -5.180211815059e-11, 1.0000001192093, -2.9022206859963e-10, 0, 0.0093388855457306, 6.1675553553187e-10, 0.99995636940002, 0, -1.5258788721439e-07, -1.5258788721439e-07, -7.6293943607197e-08, 1, },
		{ 0.99964290857315, 2.826823219948e-10, -0.026721684262156, 0, -1.5544898701592e-10, 1.0000001192093, -8.2916606913841e-10, 0, 0.026721684262156, 1.7674146590707e-09, 0.99964290857315, 0, -1.5258788721439e-07, -1.5258788721439e-07, -7.6293943607197e-08, 1, },
		{ 0.9987940788269, 4.8308379518858e-10, -0.049095239490271, 0, -3.0270186357484e-10, 1.0000001192093, -1.52044155044e-09, 0, 0.049095239490271, 3.2535387717303e-09, 0.9987940788269, 0, -1.5258788721439e-07, -1.5258788721439e-07, -7.6293943607197e-08, 1, },
		{ 0.99707192182541, 6.8317973500598e-10, -0.076470792293549, 0, -5.0414072916283e-10, 1.0000001192093, -2.362567697034e-09, 0, 0.076470792293549, 5.0797481776499e-09, 0.99707192182541, 0, -1.5258788721439e-07, -1.5258788721439e-07, -7.6293943607197e-08, 1, },
		{ 0.9940510392189, 8.5566398411174e-10, -0.1089151352644, 0, -7.7334405546026e-10, 1.0000001192093, -3.3553309020107e-09, 0, 0.1089151352644, 7.2553199004233e-09, 0.9940510392189, 0, -1.5258788721439e-07, -1.5258788721439e-07, -7.6293943607197e-08, 1, },
		{ 0.98921376466751, 9.6697050366856e-10, -0.14647921919823, 0, -1.1266969579538e-09, 1.0000001192093, -4.4975156932026e-09, 0, 0.14647921919823, 9.7895549444615e-09, 0.98921376466751, 0, -1.5258788721439e-07, -1.5258788721439e-07, -7.6293943607197e-08, 1, },
		{ 0.98194563388824, 9.7653440889189e-10, -0.18916310369968, 0, -1.5833130362353e-09, 1.0000001192093, -5.7858056123905e-09, 0, 0.18916310369968, 1.2689495676454e-08, 0.98194563388824, 0, -1.5258788721439e-07, -1.5258788721439e-07, -7.6293943607197e-08, 1, },
		{ 0.97153466939926, 8.3659301708394e-10, -0.2368977367878, 0, -2.1649615433716e-09, 1.0000001192093, -7.2142047891077e-09, 0, 0.2368977367878, 1.5958748988965e-08, 0.97153466939926, 0, -1.5258788721439e-07, -1.5258788721439e-07, -7.6293943607197e-08, 1, },
		{ 0.9572542309761, 4.9421799985794e-10, -0.28924775123596, 0, -2.8918805128342e-09, 1.0000001192093, -8.7652525238013e-09, 0, 0.28924775123596, 1.9576907206442e-08, 0.9572542309761, 0, -1.5258788721439e-07, -1.5258788721439e-07, -7.6293943607197e-08, 1, },
		{ 0.93874782323837, -9.257660610329e-11, -0.34460511803627, 0, -3.7664893426381e-09, 1.0000001192093, -1.0387004145684e-08, 0, 0.34460511803627, 2.3441950602887e-08, 0.93874782323837, 0, -1.5258788721439e-07, -1.5258788721439e-07, -7.6293943607197e-08, 1, },
		{ 0.91603481769562, -9.4392049732051e-10, -0.40109878778458, 0, -4.7780606138303e-09, 1.0000001192093, -1.2021376782911e-08, 0, 0.40109878778458, 2.7430186122501e-08, 0.91603481769562, 0, -1.5258788721439e-07, -1.5258788721439e-07, -7.6293943607197e-08, 1, },
		{ 0.88949948549271, -2.0550174895106e-09, -0.45693618059158, 0, -5.9049725109617e-09, 1.0000001192093, -1.3614689819974e-08, 0, 0.45693618059158, 3.1418920798387e-08, 0.88949948549271, 0, -1.5258788721439e-07, -1.5258788721439e-07, -7.6293943607197e-08, 1, },
		{ 0.85989820957184, -3.3948808209061e-09, -0.5104655623436, 0, -7.114770550487e-09, 1.0000001192093, -1.5119660190521e-08, 0, 0.5104655623436, 3.529049052986e-08, 0.85989820957184, 0, -1.5258788721439e-07, -1.5258788721439e-07, -7.6293943607197e-08, 1, },
		{ 0.82855534553528, -4.8965205223794e-09, -0.55990719795227, 0, -8.3566611408514e-09, 1.0000001192093, -1.6488087339894e-08, 0, 0.55990719795227, 3.8912276068004e-08, 0.82855534553528, 0, -1.5258788721439e-07, -1.5258788721439e-07, -7.6293943607197e-08, 1, },
		{ 0.79810583591461, -6.4175011971201e-09, -0.6025173664093, 0, -9.533863476463e-09, 1.0000001192093, -1.7648865480169e-08, 0, 0.6025173664093, 4.207302595205e-08, 0.79810583591461, 0, -1.5258788721439e-07, -1.5258788721439e-07, -7.6293943607197e-08, 1, },
		{ 0.77192705869675, -7.7645800899973e-09, -0.63571119308472, 0, -1.0527372751312e-08, 1.0000001192093, -1.8539850543675e-08, 0, 0.63571119308472, 4.4563456924607e-08, 0.77192705869675, 0, -1.5258788721439e-07, -1.5258788721439e-07, -7.6293943607197e-08, 1, },
		{ 0.75366348028183, -8.7227967071613e-09, -0.65726047754288, 0, -1.121180481789e-08, 1.0000001192093, -1.9111420002105e-08, 0, 0.65726047754288, 4.6194770675356e-08, 0.75366348028183, 0, -1.5258788721439e-07, -1.5258788721439e-07, -7.6293943607197e-08, 1, },
		{ 0.74686080217361, -9.0832230625892e-09, -0.66498041152954, 0, -1.1465079552408e-08, 1.0000001192093, -1.9314779109436e-08, 0, 0.66498041152954, 4.6782162144154e-08, 0.74686080217361, 0, -1.5258788721439e-07, -1.5258788721439e-07, -7.6293943607197e-08, 1, },
		{ 0.75013422966003, -8.9095593125421e-09, -0.6612856388092, 0, -1.1343310291068e-08, 1.0000001192093, -1.9217544888761e-08, 0, 0.6612856388092, 4.6500833406071e-08, 0.75013422966003, 0, -1.5258788721439e-07, -1.5258788721439e-07, -7.6293943607197e-08, 1, },
		{ 0.75962591171265, -8.4084277318652e-09, -0.65036034584045, 0, -1.0989090526436e-08, 1.0000001192093, -1.8929014800051e-08, 0, 0.65036034584045, 4.5671104231815e-08, 0.75962591171265, 0, -1.5258788721439e-07, -1.5258788721439e-07, -7.6293943607197e-08, 1, },
		{ 0.7747009396553, -7.6203150456422e-09, -0.63232785463333, 0, -1.0422821716816e-08, 1.0000001192093, -1.8449604510806e-08, 0, 0.63232785463333, 4.4308404056892e-08, 0.7747009396553, 0, -1.5258788721439e-07, -1.5258788721439e-07, -7.6293943607197e-08, 1, },
		{ 0.79455459117889, -6.5982592722946e-09, -0.60719281435013, 0, -9.6695664808522e-09, 1.0000001192093, -1.777509694989e-08, 0, 0.60719281435013, 4.2422247048535e-08, 0.79455459117889, 0, -1.5258788721439e-07, -1.5258788721439e-07, -7.6293943607197e-08, 1, },
		{ 0.81823152303696, -5.4060791399024e-09, -0.57488894462585, 0, -8.7586773389603e-09, 1.0000001192093, -1.6898280108535e-08, 0, 0.57488894462585, 4.0019212832476e-08, 0.81823152303696, 0, -1.5258788721439e-07, -1.5258788721439e-07, -7.6293943607197e-08, 1, },
		{ 0.84452730417252, -4.1221284163839e-09, -0.53551250696182, 0, -7.7281292476528e-09, 1.0000001192093, -1.5815640352912e-08, 0, 0.53551250696182, 3.7119455953416e-08, 0.84452730417252, 0, -1.5258788721439e-07, -1.5258788721439e-07, -7.6293943607197e-08, 1, },
		{ 0.87173718214035, -2.8484947733887e-09, -0.48997369408607, 0, -6.6358669670308e-09, 1.0000001192093, -1.4546275295402e-08, 0, 0.48997369408607, 3.3802578514042e-08, 0.87173718214035, 0, -1.5258788721439e-07, -1.5258788721439e-07, -7.6293943607197e-08, 1, },
		{ 0.89820772409439, -1.6793819668237e-09, -0.43957111239433, 0, -5.5403273080401e-09, 1.0000001192093, -1.3121645103809e-08, 0, 0.43957111239433, 3.0173225695762e-08, 0.89820772409439, 0, -1.5258788721439e-07, -1.5258788721439e-07, -7.6293943607197e-08, 1, },
		{ 0.92256635427475, -6.8780536821578e-10, -0.38583844900131, 0, -4.492486382901e-09, 1.0000001192093, -1.1582033998536e-08, 0, 0.38583844900131, 2.6348324411174e-08, 0.92256635427475, 0, -1.5258788721439e-07, -1.5258788721439e-07, -7.6293943607197e-08, 1, },
		{ 0.94379621744156, 7.9239725891966e-11, -0.3305279314518, 0, -3.533432879621e-09, 1.0000001192093, -9.9764463357133e-09, 0, 0.3305279314518, 2.2455157733248e-08, 0.94379621744156, 0, -1.5258788721439e-07, -1.5258788721439e-07, -7.6293943607197e-08, 1, },
		{ 0.96129477024078, 6.0353499975463e-10, -0.2755221426487, 0, -2.6920758955384e-09, 1.0000001192093, -8.3601854328208e-09, 0, 0.2755221426487, 1.8624870534723e-08, 0.96129477024078, 0, -1.5258788721439e-07, -1.5258788721439e-07, -7.6293943607197e-08, 1, },
		{ 0.97490119934082, 8.9532642411072e-10, -0.22263817489147, 0, -1.98322958056e-09, 1.0000001192093, -6.7888907828717e-09, 0, 0.22263817489147, 1.4979200102516e-08, 0.97490119934082, 0, -1.5258788721439e-07, -1.5258788721439e-07, -7.6293943607197e-08, 1, },
		{ 0.98480087518692, 9.8759034283802e-10, -0.17368684709072, 0, -1.4109140522578e-09, 1.0000001192093, -5.3198876415195e-09, 0, 0.17368684709072, 1.1635518326614e-08, 0.98480087518692, 0, -1.5258788721439e-07, -1.5258788721439e-07, -7.6293943607197e-08, 1, },
		{ 0.99145275354385, 9.3119462141189e-10, -0.13046586513519, 0, -9.7056229719783e-10, 1.0000001192093, -4.0115653021644e-09, 0, 0.13046586513519, 8.7071976295761e-09, 0.99145275354385, 0, -1.5258788721439e-07, -1.5258788721439e-07, -7.6293943607197e-08, 1, },
		{ 0.9955033659935, 7.8889428323237e-10, -0.094726003706455, 0, -6.5152860884155e-10, 1.0000001192093, -2.9218678587739e-09, 0, 0.094726003706455, 6.3023559704334e-09, 0.9955033659935, 0, -1.5258788721439e-07, -1.5258788721439e-07, -7.6293943607197e-08, 1, },
		{ 0.99771153926849, 6.2389204913416e-10, -0.067615017294884, 0, -4.3641179559017e-10, 1.0000001192093, -2.0905923658887e-09, 0, 0.067615017294884, 4.4880374971967e-09, 0.99771153926849, 0, -1.5258788721439e-07, -1.5258788721439e-07, -7.6293943607197e-08, 1, },
		{ 0.99884486198425, 4.7447906714737e-10, -0.048052281141281, 0, -2.9548985480687e-10, 1.0000001192093, -1.4882765020374e-09, 0, 0.048052281141281, 3.1841338454797e-09, 0.99884486198425, 0, -1.5258788721439e-07, -1.5258788721439e-07, -7.6293943607197e-08, 1, },
		{ 0.99940931797028, 3.548947802301e-10, -0.03436815738678, 0, -2.040181357188e-10, 1.0000001192093, -1.0657235094413e-09, 0, 0.03436815738678, 2.2746702299514e-09, 0.99940931797028, 0, -1.5258788721439e-07, -1.5258788721439e-07, -7.6293943607197e-08, 1, },
		{ 0.99969071149826, 2.6462032565178e-10, -0.024870840832591, 0, -1.4396661640603e-10, 1.0000001192093, -7.7185946523173e-10, 0, 0.024870840832591, 1.6447322392921e-09, 0.99969071149826, 0, -1.5258788721439e-07, -1.5258788721439e-07, -7.6293943607197e-08, 1, },
		{ 0.99984043836594, 1.9415580254645e-10, -0.017859578132629, 0, -1.0143352130454e-10, 1.0000001192093, -5.5460658288098e-10, 0, 0.017859578132629, 1.1803535926447e-09, 0.99984043836594, 0, -1.5258788721439e-07, -1.5258788721439e-07, -7.6293943607197e-08, 1, },
		{ 0.9999286532402, 1.3221779227024e-10, -0.011947154067457, 0, -6.6755490024661e-11, 1.0000001192093, -3.711932983208e-10, 0, 0.011947154067457, 7.8919093482455e-10, 0.9999286532402, 0, -1.5258788721439e-07, -1.5258788721439e-07, -7.6293943607197e-08, 1, },
		{ 0.99997538328171, 7.8728135122219e-11, -0.0070109963417053, 0, -3.8635761256955e-11, 1.0000001192093, -2.1792301296841e-10, 0, 0.0070109963417053, 4.6292392141822e-10, 0.99997538328171, 0, -1.5258788721439e-07, -1.5258788721439e-07, -7.6293943607197e-08, 1, },
		{ 0.99999475479126, 3.6841640849161e-11, -0.0032450556755066, 0, -1.7696066834105e-11, 1.0000001192093, -1.0090061425272e-10, 0, 0.0032450556755066, 2.1419664653077e-10, 0.99999475479126, 0, -1.5258788721439e-07, -1.5258788721439e-07, -7.6293943607197e-08, 1, },
		{ 0.99999970197678, 9.6491703516222e-12, -0.00084364408394322, 0, -4.5723425046162e-12, 1.0000001192093, -2.6236790517942e-11, 0, 0.00084364408394322, 5.5672799703643e-11, 0.99999970197678, 0, -1.5258788721439e-07, -1.5258788721439e-07, -7.6293943607197e-08, 1, },
		{ 1.0000001192093, 0, -3.5644475203397e-16, 0, -3.5527136788005e-15, 1.0000001192093, -8.8817841970013e-16, 0, -3.5644477850375e-16, -8.8817841970013e-16, 1.0000001192093, 0, -1.5258788721439e-07, -1.5258788721439e-07, -7.6293943607197e-08, 1, },
	},
}
end
