function data()
return {
	times = { 0, 41.667, 83.333, 125, 166.667, 208.333, 250, 291.667, 333.333, 375, 416.667, 458.333, 500, 541.667, 583.333, 625, 666.667, 708.333, 750, 791.667, 833.333, 875, 916.667, 958.333, 1000, 1041.667, 1083.333, 1125, 1166.667, 1208.333, 1250, 1291.667, 1333.333, 1375, 1416.667, 1458.333, 1500, 1541.667, 1583.333, 1625, 1666.667, 1708.333, 1750, 1791.667, 1833.333, 1875, 1916.667, 1958.333, 2000, 2041.667, 2083.333, 2125, 2166.667, 2208.333, 2250, 2291.667, 2333.333, 2375, 2416.667, 2458.333, 2500, 2541.667, 2583.333, 2625, 2666.667, 2708.333, 2750, 2791.667, 2833.333, 2875, 2916.667, 2958.333, 3000, 3041.667, 3083.333, 3125, 3166.667, 3208.333, 3250, 3291.667, 3333.333, 3375, 3416.667, 3458.333, 3500, 3541.667, 3583.333, 3625, 3666.667, 3708.333, 3750, 3791.667, 3833.333, 3875, 3916.667, 3958.333, 4000, 4041.667, 4083.333, 4125, 4166.667, },
	transfs = {
		{ 1, 0, 0, 0, 0, 1, 0, 0, 0, 0, 1, 0, 0, 0, 0, 1, },
		{ 1, 0, 7.9424411524087e-05, 0, 0, 1, 0, 0, -7.9424411524087e-05, 0, 1, 0, 0.0059654233045876, 0, -0.0011572265066206, 1, },
		{ 0.99999988079071, 0, 0.0003590531705413, 0, 0, 1, 0, 0, -0.0003590531705413, 0, 0.99999988079071, 0, 0.021587295457721, 0, -0.0023144530132413, 1, },
		{ 0.99999958276749, 0, 0.00090091943275183, 0, 0, 1, 0, 0, -0.00090091943275183, 0, 0.99999958276749, 0, 0.043454207479954, 0, -0.0051854704506695, 1, },
		{ 0.99999839067459, 0, 0.001767055480741, 0, 0, 1, 0, 0, -0.001767055480741, 0, 0.99999839067459, 0, 0.06815467774868, 0, -0.0091792298480868, 1, },
		{ 0.99999541044235, 0, 0.0030194928403944, 0, 0, 1, 0, 0, -0.0030194928403944, 0, 0.99999541044235, 0, 0.092277221381664, 0, -0.014281005598605, 1, },
		{ 0.99998891353607, 0, 0.0047028507106006, 0, 0, 1, 0, 0, -0.0047028507106006, 0, 0.99998891353607, 0, 0.11312755197287, 0, -0.020480651408434, 1, },
		{ 0.99997687339783, 0, 0.0067921057343483, 0, 0, 1, 0, 0, -0.0067921057343483, 0, 0.99997687339783, 0, 0.13088057935238, 0, -0.027785949409008, 1, },
		{ 0.99995720386505, 0, 0.0092448145151138, 0, 0, 1, 0, 0, -0.0092448145151138, 0, 0.99995720386505, 0, 0.14642837643623, 0, -0.036209411919117, 1, },
		{ 0.99992769956589, 0, 0.012018531560898, 0, 0, 1, 0, 0, -0.012018531560898, 0, 0.99992769956589, 0, 0.16066314280033, 0, -0.045763321220875, 1, },
		{ 0.9998864531517, 0, 0.015070786699653, 0, 0, 1, 0, 0, -0.015070786699653, 0, 0.9998864531517, 0, 0.17447684705257, 0, -0.0564602650702, 1, },
		{ 0.99983131885529, 0, 0.01836447045207, 0, 0, 1, 0, 0, -0.01836447045207, 0, 0.99983131885529, 0, 0.18854229152203, 0, -0.068280331790447, 1, },
		{ 0.99976044893265, 0, 0.021883867681026, 0, 0, 1, 0, 0, -0.021883867681026, 0, 0.99976044893265, 0, 0.20265464484692, 0, -0.081075891852379, 1, },
		{ 0.99967175722122, 0, 0.025618625804782, 0, 0, 1, 0, 0, -0.025618625804782, 0, 0.99967175722122, 0, 0.21638961136341, 0, -0.094667129218578, 1, },
		{ 0.99956297874451, 0, 0.029558353126049, 0, 0, 1, 0, 0, -0.029558353126049, 0, 0.99956297874451, 0, 0.22932299971581, 0, -0.10887405276299, 1, },
		{ 0.99943226575851, 0, 0.033692628145218, 0, 0, 1, 0, 0, -0.033692628145218, 0, 0.99943226575851, 0, 0.2410304993391, 0, -0.1235169172287, 1, },
		{ 0.99927735328674, 0, 0.038009688258171, 0, 0, 1, 0, 0, -0.038009688258171, 0, 0.99927735328674, 0, 0.25119140744209, 0, -0.13845992088318, 1, },
		{ 0.99909675121307, 0, 0.042492177337408, 0, 0, 1, 0, 0, -0.042492177337408, 0, 0.99909675121307, 0, 0.25989916920662, 0, -0.15374328196049, 1, },
		{ 0.99888908863068, 0, 0.047121372073889, 0, 0, 1, 0, 0, -0.047121372073889, 0, 0.99888908863068, 0, 0.26735067367554, 0, -0.1694512963295, 1, },
		{ 0.99865335226059, 0, 0.051878478378057, 0, 0, 1, 0, 0, -0.051878478378057, 0, 0.99865335226059, 0, 0.27374279499054, 0, -0.18566825985909, 1, },
		{ 0.99838870763779, 0, 0.056744821369648, 0, 0, 1, 0, 0, -0.056744821369648, 0, 0.99838870763779, 0, 0.27927246689796, 0, -0.20247840881348, 1, },
		{ 0.99809455871582, 0, 0.061702396720648, 0, 0, 1, 0, 0, -0.061702396720648, 0, 0.99809455871582, 0, 0.28407919406891, 0, -0.21992759406567, 1, },
		{ 0.99777066707611, 0, 0.066736370325089, 0, 0, 1, 0, 0, -0.066736370325089, 0, 0.99777066707611, 0, 0.28807353973389, 0, -0.237908244133, 1, },
		{ 0.99741667509079, 0, 0.071832709014416, 0, 0, 1, 0, 0, -0.071832709014416, 0, 0.99741667509079, 0, 0.29110845923424, 0, -0.25627464056015, 1, },
		{ 0.99703276157379, 0, 0.076977349817753, 0, 0, 1, 0, 0, -0.076977349817753, 0, 0.99703276157379, 0, 0.2930371761322, 0, -0.27488052845001, 1, },
		{ 0.99661946296692, 0, 0.082156181335449, 0, 0, 1, 0, 0, -0.082156181335449, 0, 0.99661946296692, 0, 0.29303020238876, 0, -0.29358017444611, 1, },
		{ 0.99617737531662, 0, 0.087353572249413, 0, 0, 1, 0, 0, -0.087353572249413, 0, 0.99617737531662, 0, 0.29302322864532, 0, -0.31223952770233, 1, },
		{ 0.99570822715759, 0, 0.092547029256821, 0, 0, 1, 0, 0, -0.092547029256821, 0, 0.99570822715759, 0, 0.29101115465164, 0, -0.33077210187912, 1, },
		{ 0.99521464109421, 0, 0.097712397575378, 0, 0, 1, 0, 0, -0.097712397575378, 0, 0.99521464109421, 0, 0.28776121139526, 0, -0.34910315275192, 1, },
		{ 0.99469935894012, 0, 0.10282558202744, 0, 0, 1, 0, 0, -0.10282558202744, 0, 0.99469935894012, 0, 0.28335818648338, 0, -0.36715841293335, 1, },
		{ 0.9941657781601, 0, 0.10786254703999, 0, 0, 1, 0, 0, -0.10786254703999, 0, 0.9941657781601, 0, 0.27788665890694, 0, -0.38486334681511, 1, },
		{ 0.99361765384674, 0, 0.11280058324337, 0, 0, 1, 0, 0, -0.11280058324337, 0, 0.99361765384674, 0, 0.27141955494881, 0, -0.40214735269547, 1, },
		{ 0.99305844306946, 0, 0.11762214452028, 0, 0, 1, 0, 0, -0.11762214452028, 0, 0.99305844306946, 0, 0.26398265361786, 0, -0.41895660758018, 1, },
		{ 0.99249184131622, 0, 0.12231102585793, 0, 0, 1, 0, 0, -0.12231102585793, 0, 0.99249184131622, 0, 0.25558990240097, 0, -0.43524122238159, 1, },
		{ 0.99192178249359, 0, 0.1268510222435, 0, 0, 1, 0, 0, -0.1268510222435, 0, 0.99192178249359, 0, 0.24625533819199, 0, -0.45095151662827, 1, },
		{ 0.9913524389267, 0, 0.13122598826885, 0, 0, 1, 0, 0, -0.13122598826885, 0, 0.9913524389267, 0, 0.23599277436733, 0, -0.46603760123253, 1, },
		{ 0.9907888174057, 0, 0.13541629910469, 0, 0, 1, 0, 0, -0.13541629910469, 0, 0.9907888174057, 0, 0.22481666505337, 0, -0.48045226931572, 1, },
		{ 0.99023777246475, 0, 0.13938839733601, 0, 0, 1, 0, 0, -0.13938839733601, 0, 0.99023777246475, 0, 0.21274283528328, 0, -0.49415904283524, 1, },
		{ 0.98970746994019, 0, 0.14310501515865, 0, 0, 1, 0, 0, -0.14310501515865, 0, 0.98970746994019, 0, 0.1997876316309, 0, -0.50712394714355, 1, },
		{ 0.98920631408691, 0, 0.14652931690216, 0, 0, 1, 0, 0, -0.14652931690216, 0, 0.98920631408691, 0, 0.18596725165844, 0, -0.51931309700012, 1, },
		{ 0.98874288797379, 0, 0.14962428808212, 0, 0, 1, 0, 0, -0.14962428808212, 0, 0.98874288797379, 0, 0.1712980568409, 0, -0.53069245815277, 1, },
		{ 0.98832428455353, 0, 0.15236508846283, 0, 0, 1, 0, 0, -0.15236508846283, 0, 0.98832428455353, 0, 0.15580962598324, 0, -0.54121804237366, 1, },
		{ 0.98794966936111, 0, 0.15477554500103, 0, 0, 1, 0, 0, -0.15477554500103, 0, 0.98794966936111, 0, 0.13958469033241, 0, -0.55080479383469, 1, },
		{ 0.98761582374573, 0, 0.15689146518707, 0, 0, 1, 0, 0, -0.15689146518707, 0, 0.98761582374573, 0, 0.12271930277348, 0, -0.5593575835228, 1, },
		{ 0.98731899261475, 0, 0.15874856710434, 0, 0, 1, 0, 0, -0.15874856710434, 0, 0.98731899261475, 0, 0.10530982911587, 0, -0.56678122282028, 1, },
		{ 0.98705494403839, 0, 0.16038244962692, 0, 0, 1, 0, 0, -0.16038244962692, 0, 0.98705494403839, 0, 0.087452314794064, 0, -0.57298046350479, 1, },
		{ 0.98682111501694, 0, 0.16181495785713, 0, 0, 1, 0, 0, -0.16181495785713, 0, 0.98682111501694, 0, 0.069247663021088, 0, -0.57788991928101, 1, },
		{ 0.98662406206131, 0, 0.16301213204861, 0, 0, 1, 0, 0, -0.16301213204861, 0, 0.98662406206131, 0, 0.050815351307392, 0, -0.58156335353851, 1, },
		{ 0.98647248744965, 0, 0.16392642259598, 0, 0, 1, 0, 0, -0.16392642259598, 0, 0.98647248744965, 0, 0.032279968261719, 0, -0.58408385515213, 1, },
		{ 0.98637545108795, 0, 0.16450990736485, 0, 0, 1, 0, 0, -0.16450990736485, 0, 0.98637545108795, 0, 0.013766097836196, 0, -0.58553504943848, 1, },
		{ 0.98638069629669, 0, 0.16447797417641, 0, 0, 1, 0, 0, -0.16447797417641, 0, 0.98638069629669, 0, -0.0046021267771721, 0, -0.58543407917023, 1, },
		{ 0.98638600111008, 0, 0.16444604098797, 0, 0, 1, 0, 0, -0.16444604098797, 0, 0.98638600111008, 0, -0.022728651762009, 0, -0.58533310890198, 1, },
		{ 0.98650789260864, 0, 0.16371333599091, 0, 0, 1, 0, 0, -0.16371333599091, 0, 0.98650789260864, 0, -0.040631026029587, 0, -0.58336448669434, 1, },
		{ 0.98668730258942, 0, 0.16262874007225, 0, 0, 1, 0, 0, -0.16262874007225, 0, 0.98668730258942, 0, -0.058355484157801, 0, -0.58014357089996, 1, },
		{ 0.98690474033356, 0, 0.16130414605141, 0, 0, 1, 0, 0, -0.16130414605141, 0, 0.98690474033356, 0, -0.075948029756546, 0, -0.57571947574615, 1, },
		{ 0.98714113235474, 0, 0.15985119342804, 0, 0, 1, 0, 0, -0.15985119342804, 0, 0.98714113235474, 0, -0.093454889953136, 0, -0.57014149427414, 1, },
		{ 0.98738408088684, 0, 0.15834306180477, 0, 0, 1, 0, 0, -0.15834306180477, 0, 0.98738408088684, 0, -0.11088332533836, 0, -0.56345921754837, 1, },
		{ 0.98764663934708, 0, 0.15669721364975, 0, 0, 1, 0, 0, -0.15669721364975, 0, 0.98764663934708, 0, -0.12808646261692, 0, -0.55572372674942, 1, },
		{ 0.9879469871521, 0, 0.15479210019112, 0, 0, 1, 0, 0, -0.15479210019112, 0, 0.9879469871521, 0, -0.14487838745117, 0, -0.54698675870895, 1, },
		{ 0.98830246925354, 0, 0.15250600874424, 0, 0, 1, 0, 0, -0.15250600874424, 0, 0.98830246925354, 0, -0.16107322275639, 0, -0.53729981184006, 1, },
		{ 0.98872882127762, 0, 0.14971713721752, 0, 0, 1, 0, 0, -0.14971713721752, 0, 0.98872882127762, 0, -0.17648528516293, 0, -0.5267146229744, 1, },
		{ 0.98923343420029, 0, 0.14634603261948, 0, 0, 1, 0, 0, -0.14634603261948, 0, 0.98923343420029, 0, -0.19096000492573, 0, -0.51528435945511, 1, },
		{ 0.98979699611664, 0, 0.1424847394228, 0, 0, 1, 0, 0, -0.1424847394228, 0, 0.98979699611664, 0, -0.20446784794331, 0, -0.50306898355484, 1, },
		{ 0.99039477109909, 0, 0.13826832175255, 0, 0, 1, 0, 0, -0.13826832175255, 0, 0.99039477109909, 0, -0.21701072156429, 0, -0.49013021588326, 1, },
		{ 0.99100399017334, 0, 0.13383214175701, 0, 0, 1, 0, 0, -0.13383214175701, 0, 0.99100399017334, 0, -0.2285902351141, 0, -0.47652944922447, 1, },
		{ 0.991603910923, 0, 0.12931181490421, 0, 0, 1, 0, 0, -0.12931181490421, 0, 0.991603910923, 0, -0.23920829594135, 0, -0.46232840418816, 1, },
		{ 0.99217957258224, 0, 0.12481841444969, 0, 0, 1, 0, 0, -0.12481841444969, 0, 0.99217957258224, 0, -0.2488726824522, 0, -0.44758284091949, 1, },
		{ 0.99272990226746, 0, 0.12036325782537, 0, 0, 1, 0, 0, -0.12036325782537, 0, 0.99272990226746, 0, -0.25761505961418, 0, -0.43232557177544, 1, },
		{ 0.99325704574585, 0, 0.11593274772167, 0, 0, 1, 0, 0, -0.11593274772167, 0, 0.99325704574585, 0, -0.26547300815582, 0, -0.4165832400322, 1, },
		{ 0.99376291036606, 0, 0.1115131303668, 0, 0, 1, 0, 0, -0.1115131303668, 0, 0.99376291036606, 0, -0.27248480916023, 0, -0.4003829061985, 1, },
		{ 0.99424922466278, 0, 0.10709081590176, 0, 0, 1, 0, 0, -0.10709081590176, 0, 0.99424922466278, 0, -0.27868759632111, 0, -0.38375118374825, 1, },
		{ 0.99471777677536, 0, 0.10264781117439, 0, 0, 1, 0, 0, -0.10264781117439, 0, 0.99471777677536, 0, -0.28408697247505, 0, -0.36671930551529, 1, },
		{ 0.99517160654068, 0, 0.098149783909321, 0, 0, 1, 0, 0, -0.098149783909321, 0, 0.99517160654068, 0, -0.28855895996094, 0, -0.34933546185493, 1, },
		{ 0.99561381340027, 0, 0.09355803579092, 0, 0, 1, 0, 0, -0.09355803579092, 0, 0.99561381340027, 0, -0.29194694757462, 0, -0.33165168762207, 1, },
		{ 0.99604642391205, 0, 0.088833920657635, 0, 0, 1, 0, 0, -0.088833920657635, 0, 0.99604642391205, 0, -0.29409447312355, 0, -0.31372055411339, 1, },
		{ 0.99647092819214, 0, 0.083938665688038, 0, 0, 1, 0, 0, -0.083938665688038, 0, 0.99647092819214, 0, -0.2934690117836, 0, -0.29559409618378, 1, },
		{ 0.99688631296158, 0, 0.078852154314518, 0, 0, 1, 0, 0, -0.078852154314518, 0, 0.99688631296158, 0, -0.29284346103668, 0, -0.27733543515205, 1, },
		{ 0.99728572368622, 0, 0.073628954589367, 0, 0, 1, 0, 0, -0.073628954589367, 0, 0.99728572368622, 0, -0.29221799969673, 0, -0.25905105471611, 1, },
		{ 0.9976618885994, 0, 0.068342454731464, 0, 0, 1, 0, 0, -0.068342454731464, 0, 0.9976618885994, 0, -0.28913620114326, 0, -0.24085783958435, 1, },
		{ 0.99800926446915, 0, 0.063066199421883, 0, 0, 1, 0, 0, -0.063066199421883, 0, 0.99800926446915, 0, -0.28505516052246, 0, -0.22287283837795, 1, },
		{ 0.99832385778427, 0, 0.057873710989952, 0, 0, 1, 0, 0, -0.057873710989952, 0, 0.99832385778427, 0, -0.28010979294777, 0, -0.20521301031113, 1, },
		{ 0.9986035823822, 0, 0.052828643471003, 0, 0, 1, 0, 0, -0.052828643471003, 0, 0.9986035823822, 0, -0.27438941597939, 0, -0.18798446655273, 1, },
		{ 0.99884951114655, 0, 0.047954346984625, 0, 0, 1, 0, 0, -0.047954346984625, 0, 0.99884951114655, 0, -0.26780340075493, 0, -0.17124892771244, 1, },
		{ 0.99906361103058, 0, 0.043263990432024, 0, 0, 1, 0, 0, -0.043263990432024, 0, 0.99906361103058, 0, -0.26021614670753, 0, -0.15505690872669, 1, },
		{ 0.9992481470108, 0, 0.038770791143179, 0, 0, 1, 0, 0, -0.038770791143179, 0, 0.9992481470108, 0, -0.25149139761925, 0, -0.13945899903774, 1, },
		{ 0.99940502643585, 0, 0.034487944096327, 0, 0, 1, 0, 0, -0.034487944096327, 0, 0.99940502643585, 0, -0.24149337410927, 0, -0.1245057657361, 1, },
		{ 0.99953711032867, 0, 0.030422236770391, 0, 0, 1, 0, 0, -0.030422236770391, 0, 0.99953711032867, 0, -0.23016150295734, 0, -0.11023864150047, 1, },
		{ 0.99964737892151, 0, 0.026554940268397, 0, 0, 1, 0, 0, -0.026554940268397, 0, 0.99964737892151, 0, -0.21773582696915, 0, -0.096662059426308, 1, },
		{ 0.99973863363266, 0, 0.022860925644636, 0, 0, 1, 0, 0, -0.022860925644636, 0, 0.99973863363266, 0, -0.2045314759016, 0, -0.083771057426929, 1, },
		{ 0.99981343746185, 0, 0.019315021112561, 0, 0, 1, 0, 0, -0.019315021112561, 0, 0.99981343746185, 0, -0.19086349010468, 0, -0.071560591459274, 1, },
		{ 0.99987369775772, 0, 0.01589204184711, 0, 0, 1, 0, 0, -0.01589204184711, 0, 0.99987369775772, 0, -0.17704719305038, 0, -0.06002601608634, 1, },
		{ 0.99992072582245, 0, 0.012589137069881, 0, 0, 1, 0, 0, -0.012589137069881, 0, 0.99992072582245, 0, -0.16320967674255, 0, -0.049185026437044, 1, },
		{ 0.99995487928391, 0, 0.009492882527411, 0, 0, 1, 0, 0, -0.009492882527411, 0, 0.99995487928391, 0, -0.14872634410858, 0, -0.039146039634943, 1, },
		{ 0.99997746944427, 0, 0.0067121908068657, 0, 0, 1, 0, 0, -0.0067121908068657, 0, 0.99997746944427, 0, -0.1327843517065, 0, -0.030040359124541, 1, },
		{ 0.99999046325684, 0, 0.0043559689074755, 0, 0, 1, 0, 0, -0.0043559689074755, 0, 0.99999046325684, 0, -0.1145708411932, 0, -0.021999053657055, 1, },
		{ 0.99999672174454, 0, 0.0025331175420433, 0, 0, 1, 0, 0, -0.0025331175420433, 0, 0.99999672174454, 0, -0.09327308088541, 0, -0.015153197571635, 1, },
		{ 0.99999916553497, 0, 0.0012969566741958, 0, 0, 1, 0, 0, -0.0012969566741958, 0, 0.99999916553497, 0, -0.068781733512878, 0, -0.0096064759418368, 1, },
		{ 0.99999976158142, 0, 0.00054715410806239, 0, 0, 1, 0, 0, -0.00054715410806239, 0, 0.99999976158142, 0, -0.043801192194223, 0, -0.0053521725349128, 1, },
		{ 1, 0, 0.00016212021000683, 0, 0, 1, 0, 0, -0.00016212021000683, 0, 1, 0, -0.021739043295383, 0, -0.0023558805696666, 1, },
		{ 1, 0, 2.0265344574e-05, 0, 0, 1, 0, 0, -2.0265344574e-05, 0, 1, 0, -0.0060027311556041, 0, -0.0011779784690589, 1, },
		{ 1, 0, 0, 0, 0, 1, 0, 0, 0, 0, 1, 0, 0, 0, 0, 1, },
	},
}
end
