function data()
return {
	times = { 0, 41.667, 83.333, 125, 166.667, 208.333, 250, 291.667, 333.333, 375, 416.667, 458.333, 500, 541.667, 583.333, 625, 666.667, 708.333, 750, 791.667, 833.333, 875, 916.667, 958.333, 1000, 1041.667, 1083.333, 1125, 1166.667, 1208.333, 1250, 1291.667, 1333.333, 1375, 1416.667, 1458.333, 1500, 1541.667, 1583.333, 1625, 1666.667, 1708.333, 1750, 1791.667, 1833.333, 1875, 1916.667, 1958.333, 2000, 2041.667, },
	transfs = {
		{ 1, 0, -3.2268779648348e-08, 0, 0, 1, 0, 0, 2.8862650935935e-08, 0, 1.0000001192093, 0, 0.00090667721815407, -1.5258788721439e-07, -0.0033287047408521, 1, },
		{ 1, 0, -3.2268779648348e-08, 0, 0, 1, 0, 0, 2.8862650935935e-08, 0, 1.0000001192093, 0, 0.0031030273530632, -1.5258788721439e-07, -0.0027304838877171, 1, },
		{ 1, 0, -3.2268779648348e-08, 0, 0, 1, 0, 0, 2.8862650935935e-08, 0, 1.0000001192093, 0, 0.0094778444617987, -1.5258788721439e-07, -0.00099411013070494, 1, },
		{ 1, 0, -3.2268779648348e-08, 0, 0, 1, 0, 0, 2.8862650935935e-08, 0, 1.0000001192093, 0, 0.019710769876838, -1.5258788721439e-07, 0.0017932128394023, 1, },
		{ 1, 0, -3.2268779648348e-08, 0, 0, 1, 0, 0, 2.8862650935935e-08, 0, 1.0000001192093, 0, 0.033480908721685, -1.5258788721439e-07, 0.005543899256736, 1, },
		{ 1, 0, -3.2268779648348e-08, 0, 0, 1, 0, 0, 2.8862650935935e-08, 0, 1.0000001192093, 0, 0.050467681139708, -1.5258788721439e-07, 0.010170822031796, 1, },
		{ 0.99999970197678, 0, 0.00074163230601698, 0, 0, 1, 0, 0, -0.00074162782402709, 0, 0.99999970197678, 0, 0.071335829794407, -1.5258788721439e-07, 0.012010727077723, 1, },
		{ 0.99999576807022, 0, 0.0028970497660339, 0, 0, 1, 0, 0, -0.0028970465064049, 0, 0.99999576807022, 0, 0.095766596496105, -1.5258788721439e-07, 0.011183547787368, 1, },
		{ 0.99997979402542, 0, 0.0063621271401644, 0, 0, 1, 0, 0, -0.0063621220178902, 0, 0.99997979402542, 0, 0.12359520047903, -1.5258788721439e-07, 0.0072845458053052, 1, },
		{ 0.99993914365768, 0, 0.011032244190574, 0, 0, 1, 0, 0, -0.011032255366445, 0, 0.99993914365768, 0, 0.1546573638916, -1.5258788721439e-07, -9.0560912212823e-05, 1, },
		{ 0.99985879659653, 0, 0.016803000122309, 0, 0, 1, 0, 0, -0.016802992671728, 0, 0.99985879659653, 0, 0.18878868222237, -1.5258788721439e-07, -0.011346664279699, 1, },
		{ 0.99972152709961, 0, 0.023600455373526, 0, 0, 1, 0, 0, -0.023600460961461, 0, 0.99972152709961, 0, 0.225341334939, -1.5258788721439e-07, -0.026937102898955, 1, },
		{ 0.99950462579727, 0, 0.031473446637392, 0, 0, 1, 0, 0, -0.031473446637392, 0, 0.99950462579727, 0, 0.26173529028893, -1.5258788721439e-07, -0.047510147094727, 1, },
		{ 0.99917948246002, 0, 0.040501222014427, 0, 0, 1, 0, 0, -0.040501203387976, 0, 0.99917948246002, 0, 0.29490715265274, -1.5258788721439e-07, -0.073763348162174, 1, },
		{ 0.99871075153351, 0, 0.050762172788382, 0, 0, 1, 0, 0, -0.050762183964252, 0, 0.99871075153351, 0, 0.32179343700409, -1.5258788721439e-07, -0.10639403760433, 1, },
		{ 0.9980553984642, 0, 0.062333825975657, 0, 0, 1, 0, 0, -0.062333844602108, 0, 0.9980553984642, 0, 0.33933088183403, -1.5258788721439e-07, -0.14609943330288, 1, },
		{ 0.99716919660568, 0, 0.07519007474184, 0, 0, 1, 0, 0, -0.075190089643002, 0, 0.99716919660568, 0, 0.35072788596153, -1.5258788721439e-07, -0.19156016409397, 1, },
		{ 0.99604099988937, 0, 0.088895753026009, 0, 0, 1, 0, 0, -0.088895738124847, 0, 0.99604094028473, 0, 0.35971450805664, -1.5258788721439e-07, -0.24007964134216, 1, },
		{ 0.99469023942947, 0, 0.10291446000338, 0, 0, 1, 0, 0, -0.10291446000338, 0, 0.99469023942947, 0, 0.36400997638702, -1.5258788721439e-07, -0.2902899980545, 1, },
		{ 0.99316585063934, 0, 0.11671210080385, 0, 0, 1, 0, 0, -0.11671210080385, 0, 0.99316573143005, 0, 0.36133348941803, -1.5258788721439e-07, -0.3408237695694, 1, },
		{ 0.9915457367897, 0, 0.12975765764713, 0, 0, 1, 0, 0, -0.12975765764713, 0, 0.9915457367897, 0, 0.3494043648243, -1.5258788721439e-07, -0.39031293988228, 1, },
		{ 0.98993396759033, 0, 0.1415298730135, 0, 0, 1, 0, 0, -0.14152985811234, 0, 0.98993396759033, 0, 0.3266054391861, -1.5258788721439e-07, -0.43732687830925, 1, },
		{ 0.98845213651657, 0, 0.15153302252293, 0, 0, 1, 0, 0, -0.15153302252293, 0, 0.98845213651657, 0, 0.29397431015968, -1.5258788721439e-07, -0.48018312454224, 1, },
		{ 0.98723340034485, 0, 0.15928018093109, 0, 0, 1, 0, 0, -0.15928018093109, 0, 0.98723340034485, 0, 0.2532125711441, -1.5258788721439e-07, -0.5171360373497, 1, },
		{ 0.98641282320023, 0, 0.16428568959236, 0, 0, 1, 0, 0, -0.16428568959236, 0, 0.98641270399094, 0, 0.20602157711983, -1.5258788721439e-07, -0.5464403629303, 1, },
		{ 0.98611515760422, 0, 0.16606283187866, 0, 0, 1, 0, 0, -0.16606283187866, 0, 0.98611515760422, 0, 0.15410269796848, -1.5258788721439e-07, -0.56635046005249, 1, },
		{ 0.98642587661743, 0, 0.16420720517635, 0, 0, 1, 0, 0, -0.16420719027519, 0, 0.98642587661743, 0, 0.09921783208847, -1.5258788721439e-07, -0.57531750202179, 1, },
		{ 0.98727416992188, 0, 0.15902698040009, 0, 0, 1, 0, 0, -0.15902698040009, 0, 0.98727416992188, 0, 0.04362365603447, -1.5258788721439e-07, -0.57350438833237, 1, },
		{ 0.98851847648621, 0, 0.15110000967979, 0, 0, 1, 0, 0, -0.15110002458096, 0, 0.98851853609085, 0, -0.010236969217658, -1.5258788721439e-07, -0.56173360347748, 1, },
		{ 0.99000912904739, 0, 0.14100332558155, 0, 0, 1, 0, 0, -0.14100332558155, 0, 0.99000912904739, 0, -0.059920806437731, -1.5258788721439e-07, -0.54082763195038, 1, },
		{ 0.99160343408585, 0, 0.12931630015373, 0, 0, 1, 0, 0, -0.12931630015373, 0, 0.99160343408585, 0, -0.10298477113247, -1.5258788721439e-07, -0.51160877943039, 1, },
		{ 0.99318027496338, 0, 0.11658903956413, 0, 0, 1, 0, 0, -0.11658900976181, 0, 0.99318027496338, 0, -0.13763564825058, -1.5258788721439e-07, -0.47512510418892, 1, },
		{ 0.99465602636337, 0, 0.10324464738369, 0, 0, 1, 0, 0, -0.10324466228485, 0, 0.99465602636337, 0, -0.16467826068401, -1.5258788721439e-07, -0.43332690000534, 1, },
		{ 0.99597096443176, 0, 0.089676477015018, 0, 0, 1, 0, 0, -0.089676477015018, 0, 0.99597096443176, 0, -0.18556717038155, -1.5258788721439e-07, -0.38838985562325, 1, },
		{ 0.99708640575409, 0, 0.076280295848846, 0, 0, 1, 0, 0, -0.076280295848846, 0, 0.99708640575409, 0, -0.20175765454769, -1.5258788721439e-07, -0.34249010682106, 1, },
		{ 0.99798476696014, 0, 0.063453406095505, 0, 0, 1, 0, 0, -0.063453398644924, 0, 0.99798476696014, 0, -0.21470382809639, -1.5258788721439e-07, -0.2978031039238, 1, },
		{ 0.998670399189, 0, 0.05155099183321, 0, 0, 1, 0, 0, -0.051551003009081, 0, 0.998670399189, 0, -0.22004951536655, -1.5258788721439e-07, -0.25467869639397, 1, },
		{ 0.99916923046112, 0, 0.040753744542599, 0, 0, 1, 0, 0, -0.040753733366728, 0, 0.99916923046112, 0, -0.21429160237312, -1.5258788721439e-07, -0.2127264291048, 1, },
		{ 0.99951314926147, 0, 0.031198730692267, 0, 0, 1, 0, 0, -0.031198738142848, 0, 0.99951314926147, 0, -0.20016548037529, -1.5258788721439e-07, -0.17301151156425, 1, },
		{ 0.99973499774933, 0, 0.023021912202239, 0, 0, 1, 0, 0, -0.023021925240755, 0, 0.99973493814468, 0, -0.18040679395199, -1.5258788721439e-07, -0.13659927248955, 1, },
		{ 0.99986624717712, 0, 0.016358898952603, 0, 0, 1, 0, 0, -0.016358913853765, 0, 0.99986612796783, 0, -0.15775062143803, -1.5258788721439e-07, -0.10455543547869, 1, },
		{ 0.99993646144867, 0, 0.011277084238827, 0, 0, 1, 0, 0, -0.011277097277343, 0, 0.99993646144867, 0, -0.13455405831337, -1.5258788721439e-07, -0.077704235911369, 1, },
		{ 0.99997127056122, 0, 0.0075745875947177, 0, 0, 1, 0, 0, -0.0075745871290565, 0, 0.99997127056122, 0, -0.11166000366211, -1.5258788721439e-07, -0.055906217545271, 1, },
		{ 0.99998760223389, 0, 0.0049815438687801, 0, 0, 1, 0, 0, -0.0049815466627479, 0, 0.99998760223389, 0, -0.089533306658268, -1.5258788721439e-07, -0.038780823349953, 1, },
		{ 0.99999475479126, 0, 0.0032282725442201, 0, 0, 1, 0, 0, -0.0032282907050103, 0, 0.99999475479126, 0, -0.068638458848, -1.5258788721439e-07, -0.025947723537683, 1, },
		{ 0.99999791383743, 0, 0.0020449159201235, 0, 0, 1, 0, 0, -0.0020449205767363, 0, 0.99999791383743, 0, -0.049440078437328, -1.5258788721439e-07, -0.017026595771313, 1, },
		{ 0.99999922513962, 0, 0.0011995908571407, 0, 0, 1, 0, 0, -0.0011995912063867, 0, 0.99999922513962, 0, -0.032566603273153, -1.5258788721439e-07, -0.011035080067813, 1, },
		{ 0.99999976158142, 0, 0.00061337952502072, 0, 0, 1, 0, 0, -0.00061338796513155, 0, 0.99999976158142, 0, -0.018936539068818, -1.5258788721439e-07, -0.005926894955337, 1, },
		{ 0.99999988079071, 0, 0.00033393793273717, 0, 0, 1, 0, 0, -0.00033393313060515, 0, 0.99999988079071, 0, -0.0085318749770522, -1.5258788721439e-07, -0.0030928801279515, 1, },
		{ 1, 0, 5.4480580729432e-05, 0, 0, 1, 0, 0, -5.4478310630657e-05, 0, 1, 0, -0.0020427703857422, -1.5258788721439e-07, -0.0013253020588309, 1, },
	},
}
end
