function data()
return {
	times = { 0, 41.667, 83.333, 125, 166.667, 208.333, 250, 291.667, 333.333, 375, 416.667, 458.333, 500, 541.667, 583.333, 625, 666.667, 708.333, 750, 791.667, 833.333, 875, 916.667, 958.333, 1000, 1041.667, 1083.333, 1125, 1166.667, 1208.333, 1250, 1291.667, 1333.333, 1375, 1416.667, 1458.333, 1500, 1541.667, 1583.333, 1625, 1666.667, 1708.333, 1750, 1791.667, 1833.333, 1875, 1916.667, 1958.333, 2000, 2041.667, 2083.333, },
	transfs = {
		{ 1, 0, 0, 0, 0, 1, 0, 0, 0, 0, 1, 0, 0, 0, 0, 1, },
		{ 0.9999977350235, 0, 0.0021412761416286, 0, 0, 1, 0, 0, -0.0021412761416286, 0, 0.9999977350235, 0, 0, 0, 0, 1, },
		{ 0.99996358156204, 0, 0.0085362046957016, 0, 0, 1, 0, 0, -0.0085362046957016, 0, 0.99996358156204, 0, 0, 0, 0, 1, },
		{ 0.99981677532196, 0, 0.019140729680657, 0, 0, 1, 0, 0, -0.019140729680657, 0, 0.99981677532196, 0, 0, 0, 0, 1, },
		{ 0.99942487478256, 0, 0.033908329904079, 0, 0, 1, 0, 0, -0.033908329904079, 0, 0.99942487478256, 0, 0, 0, 0, 1, },
		{ 0.99860578775406, 0, 0.052787385880947, 0, 0, 1, 0, 0, -0.052787385880947, 0, 0.99860578775406, 0, 0, 0, 0, 1, },
		{ 0.99712741374969, 0, 0.075741820037365, 0, 0, 1, 0, 0, -0.075741820037365, 0, 0.99712741374969, 0, 0, 0, 0, 1, },
		{ 0.99470001459122, 0, 0.10281923413277, 0, 0, 1, 0, 0, -0.10281923413277, 0, 0.99470001459122, 0, 0, 0, 0, 1, },
		{ 0.99097174406052, 0, 0.13407084345818, 0, 0, 1, 0, 0, -0.13407084345818, 0, 0.99097174406052, 0, 0, 0, 0, 1, },
		{ 0.98552685976028, 0, 0.16951887309551, 0, 0, 1, 0, 0, -0.16951887309551, 0, 0.98552685976028, 0, 0, 0, 0, 1, },
		{ 0.97788441181183, 0, 0.20914603769779, 0, 0, 1, 0, 0, -0.20914603769779, 0, 0.97788441181183, 0, 0, 0, 0, 1, },
		{ 0.96757805347443, 0, 0.25257214903831, 0, 0, 1, 0, 0, -0.25257214903831, 0, 0.96757805347443, 0, 0, 0, 0, 1, },
		{ 0.95452219247818, 0, 0.29813960194588, 0, 0, 1, 0, 0, -0.29813960194588, 0, 0.95452219247818, 0, 0, 0, 0, 1, },
		{ 0.93899869918823, 0, 0.34392070770264, 0, 0, 1, 0, 0, -0.34392070770264, 0, 0.93899869918823, 0, 0, 0, 0, 1, },
		{ 0.92162555456161, 0, 0.38808020949364, 0, 0, 1, 0, 0, -0.38808020949364, 0, 0.92162555456161, 0, 0, 0, 0, 1, },
		{ 0.90334552526474, 0, 0.42891347408295, 0, 0, 1, 0, 0, -0.42891347408295, 0, 0.90334552526474, 0, 0, 0, 0, 1, },
		{ 0.88515794277191, 0, 0.46529066562653, 0, 0, 1, 0, 0, -0.46529066562653, 0, 0.88515794277191, 0, 0, 0, 0, 1, },
		{ 0.86726236343384, 0, 0.49785137176514, 0, 0, 1, 0, 0, -0.49785137176514, 0, 0.86726236343384, 0, 0, 0, 0, 1, },
		{ 0.84948509931564, 0, 0.52761262655258, 0, 0, 1, 0, 0, -0.52761262655258, 0, 0.84948509931564, 0, 0, 0, 0, 1, },
		{ 0.83149898052216, 0, 0.55552625656128, 0, 0, 1, 0, 0, -0.55552625656128, 0, 0.83149898052216, 0, 0, 0, 0, 1, },
		{ 0.81284779310226, 0, 0.58247607946396, 0, 0, 1, 0, 0, -0.58247607946396, 0, 0.81284779310226, 0, 0, 0, 0, 1, },
		{ 0.79335623979568, 0, 0.60875767469406, 0, 0, 1, 0, 0, -0.60875767469406, 0, 0.79335623979568, 0, 0, 0, 0, 1, },
		{ 0.77445614337921, 0, 0.63262760639191, 0, 0, 1, 0, 0, -0.63262760639191, 0, 0.77445614337921, 0, 0, 0, 0, 1, },
		{ 0.75820279121399, 0, 0.65201872587204, 0, 0, 1, 0, 0, -0.65201872587204, 0, 0.75820279121399, 0, 0, 0, 0, 1, },
		{ 0.7468187212944, 0, 0.6650276184082, 0, 0, 1, 0, 0, -0.6650276184082, 0, 0.7468187212944, 0, 0, 0, 0, 1, },
		{ 0.74254721403122, 0, 0.66979366540909, 0, 0, 1, 0, 0, -0.66979366540909, 0, 0.74254721403122, 0, 0, 0, 0, 1, },
		{ 0.74356782436371, 0, 0.66866046190262, 0, 0, 1, 0, 0, -0.66866046190262, 0, 0.74356782436371, 0, 0, 0, 0, 1, },
		{ 0.74689120054245, 0, 0.66494625806808, 0, 0, 1, 0, 0, -0.66494625806808, 0, 0.74689120054245, 0, 0, 0, 0, 1, },
		{ 0.75288128852844, 0, 0.65815627574921, 0, 0, 1, 0, 0, -0.65815627574921, 0, 0.75288128852844, 0, 0, 0, 0, 1, },
		{ 0.76185137033463, 0, 0.64775186777115, 0, 0, 1, 0, 0, -0.64775186777115, 0, 0.76185137033463, 0, 0, 0, 0, 1, },
		{ 0.774041056633, 0, 0.63313543796539, 0, 0, 1, 0, 0, -0.63313543796539, 0, 0.774041056633, 0, 0, 0, 0, 1, },
		{ 0.78945446014404, 0, 0.61380904912949, 0, 0, 1, 0, 0, -0.61380904912949, 0, 0.78945446014404, 0, 0, 0, 0, 1, },
		{ 0.80746841430664, 0, 0.58991074562073, 0, 0, 1, 0, 0, -0.58991074562073, 0, 0.80746841430664, 0, 0, 0, 0, 1, },
		{ 0.82729917764664, 0, 0.56176161766052, 0, 0, 1, 0, 0, -0.56176161766052, 0, 0.82729917764664, 0, 0, 0, 0, 1, },
		{ 0.84817177057266, 0, 0.5297212600708, 0, 0, 1, 0, 0, -0.5297212600708, 0, 0.84817177057266, 0, 0, 0, 0, 1, },
		{ 0.86934351921082, 0, 0.49420818686485, 0, 0, 1, 0, 0, -0.49420818686485, 0, 0.86934351921082, 0, 0, 0, 0, 1, },
		{ 0.89012849330902, 0, 0.45570954680443, 0, 0, 1, 0, 0, -0.45570954680443, 0, 0.89012849330902, 0, 0, 0, 0, 1, },
		{ 0.90991872549057, 0, 0.41478654742241, 0, 0, 1, 0, 0, -0.41478654742241, 0, 0.90991872549057, 0, 0, 0, 0, 1, },
		{ 0.92820358276367, 0, 0.3720725774765, 0, 0, 1, 0, 0, -0.3720725774765, 0, 0.92820358276367, 0, 0, 0, 0, 1, },
		{ 0.94458514451981, 0, 0.32826635241508, 0, 0, 1, 0, 0, -0.32826635241508, 0, 0.94458514451981, 0, 0, 0, 0, 1, },
		{ 0.95878875255585, 0, 0.28411999344826, 0, 0, 1, 0, 0, -0.28411999344826, 0, 0.95878875255585, 0, 0, 0, 0, 1, },
		{ 0.97066777944565, 0, 0.24042481184006, 0, 0, 1, 0, 0, -0.24042481184006, 0, 0.97066777944565, 0, 0, 0, 0, 1, },
		{ 0.98020285367966, 0, 0.19799587130547, 0, 0, 1, 0, 0, -0.19799587130547, 0, 0.98020285367966, 0, 0, 0, 0, 1, },
		{ 0.98749399185181, 0, 0.15765611827374, 0, 0, 1, 0, 0, -0.15765611827374, 0, 0.98749399185181, 0, 0, 0, 0, 1, },
		{ 0.99274682998657, 0, 0.12022358179092, 0, 0, 1, 0, 0, -0.12022358179092, 0, 0.99274682998657, 0, 0, 0, 0, 1, },
		{ 0.9962517619133, 0, 0.086500026285648, 0, 0, 1, 0, 0, -0.086500026285648, 0, 0.9962517619133, 0, 0, 0, 0, 1, },
		{ 0.99835896492004, 0, 0.057264968752861, 0, 0, 1, 0, 0, -0.057264968752861, 0, 0.99835896492004, 0, 0, 0, 0, 1, },
		{ 0.99944621324539, 0, 0.033273242413998, 0, 0, 1, 0, 0, -0.033273242413998, 0, 0.99944621324539, 0, 0, 0, 0, 1, },
		{ 0.99988353252411, 0, 0.015256996266544, 0, 0, 1, 0, 0, -0.015256996266544, 0, 0.99988353252411, 0, 0, 0, 0, 1, },
		{ 0.99999225139618, 0, 0.0039310683496296, 0, 0, 1, 0, 0, -0.0039310683496296, 0, 0.99999225139618, 0, 0, 0, 0, 1, },
		{ 1, 0, 0, 0, 0, 1, 0, 0, 0, 0, 1, 0, 0, 0, 0, 1, },
	},
}
end
