function data()
return {
	times = { 0, 41.667, 83.333, 125, 166.667, 208.333, 250, 291.667, 333.333, 375, 416.667, 458.333, 500, 541.667, 583.333, 625, 666.667, 708.333, 750, 791.667, 833.333, 875, 916.667, 958.333, 1000, 1041.667, 1083.333, 1125, 1166.667, 1208.333, 1250, 1291.667, 1333.333, 1375, 1416.667, 1458.333, 1500, 1541.667, 1583.333, 1625, 1666.667, 1708.333, 1750, 1791.667, 1833.333, 1875, 1916.667, 1958.333, 2000, 2041.667, 2083.333, 2291.667, 2333.333, 2375, 2416.667, 2458.333, 2500, 2541.667, 2583.333, 2625, 2666.667, 2708.333, 2750, 2791.667, 2833.333, 2875, 2916.667, 2958.333, 3000, 3041.667, 3083.333, 3125, 3166.667, 3208.333, 3250, 3291.667, 3333.333, 3375, 3416.667, 3458.333, 3500, 3541.667, 3583.333, 3625, 3666.667, 3708.333, 3750, 3791.667, 3833.333, 3875, 3916.667, 3958.333, 4000, 4041.667, 4083.333, 4125, 4166.667, },
	transfs = {
		{ 1, 0, 0, 0, 0, 1, 0, 0, 0, 0, 1, 0, 0, 0, 0, 1, },
		{ 0.99999988079071, 0, 0.00043809399357997, 0, 0, 1, 0, 0, -0.00043809399357997, 0, 0.99999988079071, 0, 0, 0, 0, 1, },
		{ 0.99999850988388, 0, 0.0017093723872676, 0, 0, 1, 0, 0, -0.0017093723872676, 0, 0.99999850988388, 0, 0, 0, 0, 1, },
		{ 0.99999290704727, 0, 0.0037493247073144, 0, 0, 1, 0, 0, -0.0037493247073144, 0, 0.99999290704727, 0, 0, 0, 0, 1, },
		{ 0.9999788403511, 0, 0.0064934245310724, 0, 0, 1, 0, 0, -0.0064934245310724, 0, 0.9999788403511, 0, 0, 0, 0, 1, },
		{ 0.99995118379593, 0, 0.0098771210759878, 0, 0, 1, 0, 0, -0.0098771210759878, 0, 0.99995118379593, 0, 0, 0, 0, 1, },
		{ 0.99990314245224, 0, 0.013917715288699, 0, 0, 1, 0, 0, -0.013917715288699, 0, 0.99990314245224, 0, 0, 0, 0, 1, },
		{ 0.99982023239136, 0, 0.018960013985634, 0, 0, 1, 0, 0, -0.018960013985634, 0, 0.99982023239136, 0, 0, 0, 0, 1, },
		{ 0.9996765255928, 0, 0.025430420413613, 0, 0, 1, 0, 0, -0.025430420413613, 0, 0.9996765255928, 0, 0, 0, 0, 1, },
		{ 0.9994301199913, 0, 0.033754713833332, 0, 0, 1, 0, 0, -0.033754713833332, 0, 0.9994301199913, 0, 0, 0, 0, 1, },
		{ 0.99901574850082, 0, 0.044357437640429, 0, 0, 1, 0, 0, -0.044357437640429, 0, 0.99901574850082, 0, 0, 0, 0, 1, },
		{ 0.99834799766541, 0, 0.057456985116005, 0, 0, 1, 0, 0, -0.057456985116005, 0, 0.99834799766541, 0, 0, 0, 0, 1, },
		{ 0.99737167358398, 0, 0.072454325854778, 0, 0, 1, 0, 0, -0.072454325854778, 0, 0.99737167358398, 0, 0, 0, 0, 1, },
		{ 0.9960720539093, 0, 0.088546238839626, 0, 0, 1, 0, 0, -0.088546238839626, 0, 0.9960720539093, 0, 0, 0, 0, 1, },
		{ 0.99447947740555, 0, 0.10493135452271, 0, 0, 1, 0, 0, -0.10493135452271, 0, 0.99447947740555, 0, 0, 0, 0, 1, },
		{ 0.99267530441284, 0, 0.12081234902143, 0, 0, 1, 0, 0, -0.12081234902143, 0, 0.99267530441284, 0, 0, 0, 0, 1, },
		{ 0.99075603485107, 0, 0.1356553286314, 0, 0, 1, 0, 0, -0.1356553286314, 0, 0.99075603485107, 0, 0, 0, 0, 1, },
		{ 0.98869204521179, 0, 0.14995993673801, 0, 0, 1, 0, 0, -0.14995993673801, 0, 0.98869204521179, 0, 0, 0, 0, 1, },
		{ 0.9863805770874, 0, 0.16447861492634, 0, 0, 1, 0, 0, -0.16447861492634, 0, 0.9863805770874, 0, 0, 0, 0, 1, },
		{ 0.9836745262146, 0, 0.17995674908161, 0, 0, 1, 0, 0, -0.17995674908161, 0, 0.9836745262146, 0, 0, 0, 0, 1, },
		{ 0.98037737607956, 0, 0.19713002443314, 0, 0, 1, 0, 0, -0.19713002443314, 0, 0.98037737607956, 0, 0, 0, 0, 1, },
		{ 0.9762778878212, 0, 0.2165213227272, 0, 0, 1, 0, 0, -0.2165213227272, 0, 0.9762778878212, 0, 0, 0, 0, 1, },
		{ 0.97130292654037, 0, 0.23784551024437, 0, 0, 1, 0, 0, -0.23784551024437, 0, 0.97130292654037, 0, 0, 0, 0, 1, },
		{ 0.9654421210289, 0, 0.2606175839901, 0, 0, 1, 0, 0, -0.2606175839901, 0, 0.9654421210289, 0, 0, 0, 0, 1, },
		{ 0.95871889591217, 0, 0.28435558080673, 0, 0, 1, 0, 0, -0.28435558080673, 0, 0.95871889591217, 0, 0, 0, 0, 1, },
		{ 0.95119678974152, 0, 0.30858489871025, 0, 0, 1, 0, 0, -0.30858489871025, 0, 0.95119678974152, 0, 0, 0, 0, 1, },
		{ 0.94297409057617, 0, 0.33286619186401, 0, 0, 1, 0, 0, -0.33286619186401, 0, 0.94297409057617, 0, 0, 0, 0, 1, },
		{ 0.93415212631226, 0, 0.35687500238419, 0, 0, 1, 0, 0, -0.35687500238419, 0, 0.93415212631226, 0, 0, 0, 0, 1, },
		{ 0.92485350370407, 0, 0.38032361865044, 0, 0, 1, 0, 0, -0.38032361865044, 0, 0.92485350370407, 0, 0, 0, 0, 1, },
		{ 0.91522818803787, 0, 0.40293592214584, 0, 0, 1, 0, 0, -0.40293592214584, 0, 0.91522818803787, 0, 0, 0, 0, 1, },
		{ 0.90545171499252, 0, 0.42444914579391, 0, 0, 1, 0, 0, -0.42444914579391, 0, 0.90545171499252, 0, 0, 0, 0, 1, },
		{ 0.89567935466766, 0, 0.44470047950745, 0, 0, 1, 0, 0, -0.44470047950745, 0, 0.89567935466766, 0, 0, 0, 0, 1, },
		{ 0.88589841127396, 0, 0.46387928724289, 0, 0, 1, 0, 0, -0.46387928724289, 0, 0.88589841127396, 0, 0, 0, 0, 1, },
		{ 0.87603145837784, 0, 0.48225399851799, 0, 0, 1, 0, 0, -0.48225399851799, 0, 0.87603145837784, 0, 0, 0, 0, 1, },
		{ 0.86597788333893, 0, 0.50008231401443, 0, 0, 1, 0, 0, -0.50008231401443, 0, 0.86597788333893, 0, 0, 0, 0, 1, },
		{ 0.85561543703079, 0, 0.51761204004288, 0, 0, 1, 0, 0, -0.51761204004288, 0, 0.85561543703079, 0, 0, 0, 0, 1, },
		{ 0.84487861394882, 0, 0.53495794534683, 0, 0, 1, 0, 0, -0.53495794534683, 0, 0.84487861394882, 0, 0, 0, 0, 1, },
		{ 0.83400893211365, 0, 0.55175089836121, 0, 0, 1, 0, 0, -0.55175089836121, 0, 0.83400893211365, 0, 0, 0, 0, 1, },
		{ 0.82335758209229, 0, 0.56752288341522, 0, 0, 1, 0, 0, -0.56752288341522, 0, 0.82335758209229, 0, 0, 0, 0, 1, },
		{ 0.8133100271225, 0, 0.58183044195175, 0, 0, 1, 0, 0, -0.58183044195175, 0, 0.8133100271225, 0, 0, 0, 0, 1, },
		{ 0.80427843332291, 0, 0.59425264596939, 0, 0, 1, 0, 0, -0.59425264596939, 0, 0.80427843332291, 0, 0, 0, 0, 1, },
		{ 0.79655182361603, 0, 0.60457020998001, 0, 0, 1, 0, 0, -0.60457020998001, 0, 0.79655182361603, 0, 0, 0, 0, 1, },
		{ 0.78984975814819, 0, 0.61330038309097, 0, 0, 1, 0, 0, -0.61330038309097, 0, 0.78984975814819, 0, 0, 0, 0, 1, },
		{ 0.78371512889862, 0, 0.62112039327621, 0, 0, 1, 0, 0, -0.62112039327621, 0, 0.78371512889862, 0, 0, 0, 0, 1, },
		{ 0.77766060829163, 0, 0.62868422269821, 0, 0, 1, 0, 0, -0.62868422269821, 0, 0.77766060829163, 0, 0, 0, 0, 1, },
		{ 0.77117240428925, 0, 0.6366263628006, 0, 0, 1, 0, 0, -0.6366263628006, 0, 0.77117240428925, 0, 0, 0, 0, 1, },
		{ 0.76395112276077, 0, 0.64527410268784, 0, 0, 1, 0, 0, -0.64527410268784, 0, 0.76395112276077, 0, 0, 0, 0, 1, },
		{ 0.75665551424026, 0, 0.65381366014481, 0, 0, 1, 0, 0, -0.65381366014481, 0, 0.75665551424026, 0, 0, 0, 0, 1, },
		{ 0.75022608041763, 0, 0.66118133068085, 0, 0, 1, 0, 0, -0.66118133068085, 0, 0.75022608041763, 0, 0, 0, 0, 1, },
		{ 0.7456414103508, 0, 0.66634738445282, 0, 0, 1, 0, 0, -0.66634738445282, 0, 0.7456414103508, 0, 0, 0, 0, 1, },
		{ 0.74389457702637, 0, 0.66829693317413, 0, 0, 1, 0, 0, -0.66829693317413, 0, 0.74389457702637, 0, 0, 0, 0, 1, },
		{ 0.74499154090881, 0, 0.66707390546799, 0, 0, 1, 0, 0, -0.66707390546799, 0, 0.74499154090881, 0, 0, 0, 0, 1, },
		{ 0.74781489372253, 0, 0.663907289505, 0, 0, 1, 0, 0, -0.663907289505, 0, 0.74781489372253, 0, 0, 0, 0, 1, },
		{ 0.7541144490242, 0, 0.65674293041229, 0, 0, 1, 0, 0, -0.65674293041229, 0, 0.7541144490242, 0, 0, 0, 0, 1, },
		{ 0.76259768009186, 0, 0.64687299728394, 0, 0, 1, 0, 0, -0.64687299728394, 0, 0.76259768009186, 0, 0, 0, 0, 1, },
		{ 0.77200192213058, 0, 0.63562017679214, 0, 0, 1, 0, 0, -0.63562017679214, 0, 0.77200192213058, 0, 0, 0, 0, 1, },
		{ 0.78113251924515, 0, 0.62436527013779, 0, 0, 1, 0, 0, -0.62436527013779, 0, 0.78113251924515, 0, 0, 0, 0, 1, },
		{ 0.78914856910706, 0, 0.61420232057571, 0, 0, 1, 0, 0, -0.61420232057571, 0, 0.78914856910706, 0, 0, 0, 0, 1, },
		{ 0.79634475708008, 0, 0.60484302043915, 0, 0, 1, 0, 0, -0.60484302043915, 0, 0.79634475708008, 0, 0, 0, 0, 1, },
		{ 0.8032637834549, 0, 0.59562343358994, 0, 0, 1, 0, 0, -0.59562343358994, 0, 0.8032637834549, 0, 0, 0, 0, 1, },
		{ 0.81041538715363, 0, 0.58585572242737, 0, 0, 1, 0, 0, -0.58585572242737, 0, 0.81041538715363, 0, 0, 0, 0, 1, },
		{ 0.81827527284622, 0, 0.57482647895813, 0, 0, 1, 0, 0, -0.57482647895813, 0, 0.81827527284622, 0, 0, 0, 0, 1, },
		{ 0.82716429233551, 0, 0.56196010112762, 0, 0, 1, 0, 0, -0.56196010112762, 0, 0.82716429233551, 0, 0, 0, 0, 1, },
		{ 0.83691942691803, 0, 0.54732608795166, 0, 0, 1, 0, 0, -0.54732608795166, 0, 0.83691942691803, 0, 0, 0, 0, 1, },
		{ 0.84726774692535, 0, 0.53116607666016, 0, 0, 1, 0, 0, -0.53116607666016, 0, 0.84726774692535, 0, 0, 0, 0, 1, },
		{ 0.85794991254807, 0, 0.51373338699341, 0, 0, 1, 0, 0, -0.51373338699341, 0, 0.85794991254807, 0, 0, 0, 0, 1, },
		{ 0.86872375011444, 0, 0.495296895504, 0, 0, 1, 0, 0, -0.495296895504, 0, 0.86872375011444, 0, 0, 0, 0, 1, },
		{ 0.87939018011093, 0, 0.47610178589821, 0, 0, 1, 0, 0, -0.47610178589821, 0, 0.87939018011093, 0, 0, 0, 0, 1, },
		{ 0.8898498415947, 0, 0.456253439188, 0, 0, 1, 0, 0, -0.456253439188, 0, 0.8898498415947, 0, 0, 0, 0, 1, },
		{ 0.90003198385239, 0, 0.43582370877266, 0, 0, 1, 0, 0, -0.43582370877266, 0, 0.90003198385239, 0, 0, 0, 0, 1, },
		{ 0.90987187623978, 0, 0.41488924622536, 0, 0, 1, 0, 0, -0.41488924622536, 0, 0.90987187623978, 0, 0, 0, 0, 1, },
		{ 0.91931122541428, 0, 0.39353123307228, 0, 0, 1, 0, 0, -0.39353123307228, 0, 0.91931122541428, 0, 0, 0, 0, 1, },
		{ 0.92829895019531, 0, 0.37183451652527, 0, 0, 1, 0, 0, -0.37183451652527, 0, 0.92829895019531, 0, 0, 0, 0, 1, },
		{ 0.93679165840149, 0, 0.3498877286911, 0, 0, 1, 0, 0, -0.3498877286911, 0, 0.93679165840149, 0, 0, 0, 0, 1, },
		{ 0.94475311040878, 0, 0.32778277993202, 0, 0, 1, 0, 0, -0.32778277993202, 0, 0.94475311040878, 0, 0, 0, 0, 1, },
		{ 0.95215535163879, 0, 0.30561450123787, 0, 0, 1, 0, 0, -0.30561450123787, 0, 0.95215535163879, 0, 0, 0, 0, 1, },
		{ 0.95897829532623, 0, 0.2834794819355, 0, 0, 1, 0, 0, -0.2834794819355, 0, 0.95897829532623, 0, 0, 0, 0, 1, },
		{ 0.96520966291428, 0, 0.26147696375847, 0, 0, 1, 0, 0, -0.26147696375847, 0, 0.96520966291428, 0, 0, 0, 0, 1, },
		{ 0.97084528207779, 0, 0.23970699310303, 0, 0, 1, 0, 0, -0.23970699310303, 0, 0.97084528207779, 0, 0, 0, 0, 1, },
		{ 0.9758882522583, 0, 0.21827068924904, 0, 0, 1, 0, 0, -0.21827068924904, 0, 0.9758882522583, 0, 0, 0, 0, 1, },
		{ 0.98034924268723, 0, 0.19726943969727, 0, 0, 1, 0, 0, -0.19726943969727, 0, 0.98034924268723, 0, 0, 0, 0, 1, },
		{ 0.98424589633942, 0, 0.17680469155312, 0, 0, 1, 0, 0, -0.17680469155312, 0, 0.98424589633942, 0, 0, 0, 0, 1, },
		{ 0.98760223388672, 0, 0.15697729587555, 0, 0, 1, 0, 0, -0.15697729587555, 0, 0.98760223388672, 0, 0, 0, 0, 1, },
		{ 0.99044787883759, 0, 0.13788762688637, 0, 0, 1, 0, 0, -0.13788762688637, 0, 0.99044787883759, 0, 0, 0, 0, 1, },
		{ 0.99281799793243, 0, 0.11963468044996, 0, 0, 1, 0, 0, -0.11963468044996, 0, 0.99281799793243, 0, 0, 0, 0, 1, },
		{ 0.99475187063217, 0, 0.10231621563435, 0, 0, 1, 0, 0, -0.10231621563435, 0, 0.99475187063217, 0, 0, 0, 0, 1, },
		{ 0.99629265069962, 0, 0.0860286206007, 0, 0, 1, 0, 0, -0.0860286206007, 0, 0.99629265069962, 0, 0, 0, 0, 1, },
		{ 0.99748575687408, 0, 0.070866629481316, 0, 0, 1, 0, 0, -0.070866629481316, 0, 0.99748575687408, 0, 0, 0, 0, 1, },
		{ 0.99837845563889, 0, 0.056923501193523, 0, 0, 1, 0, 0, -0.056923501193523, 0, 0.99837845563889, 0, 0, 0, 0, 1, },
		{ 0.99901866912842, 0, 0.044290848076344, 0, 0, 1, 0, 0, -0.044290848076344, 0, 0.99901866912842, 0, 0, 0, 0, 1, },
		{ 0.99945336580276, 0, 0.033058922737837, 0, 0, 1, 0, 0, -0.033058922737837, 0, 0.99945336580276, 0, 0, 0, 0, 1, },
		{ 0.99972814321518, 0, 0.023316642269492, 0, 0, 1, 0, 0, -0.023316642269492, 0, 0.99972814321518, 0, 0, 0, 0, 1, },
		{ 0.99988514184952, 0, 0.015151902101934, 0, 0, 1, 0, 0, -0.015151902101934, 0, 0.99988514184952, 0, 0, 0, 0, 1, },
		{ 0.99996256828308, 0, 0.0086516821756959, 0, 0, 1, 0, 0, -0.0086516821756959, 0, 0.99996256828308, 0, 0, 0, 0, 1, },
		{ 0.99999237060547, 0, 0.0039023533463478, 0, 0, 1, 0, 0, -0.0039023533463478, 0, 0.99999237060547, 0, 0, 0, 0, 1, },
		{ 0.99999952316284, 0, 0.00098987377714366, 0, 0, 1, 0, 0, -0.00098987377714366, 0, 0.99999952316284, 0, 0, 0, 0, 1, },
		{ 1, 0, 0, 0, 0, 1, 0, 0, 0, 0, 1, 0, 0, 0, 0, 1, },
	},
}
end
