function data()
return {
	times = { 0, 41.667, 83.333, 125, 166.667, 208.333, 250, 291.667, 333.333, 375, 416.667, 458.333, 500, 541.667, 583.333, 625, 666.667, 708.333, 750, 791.667, 833.333, 875, 916.667, 958.333, 1000, 1041.667, 1083.333, 1125, 1166.667, 1208.333, 1250, 1291.667, 1333.333, 1375, 1416.667, 1458.333, 1500, 1541.667, 1583.333, 1625, 1666.667, 1708.333, 1750, 1791.667, 1833.333, 1875, 1916.667, 1958.333, 2000, 2041.667, 2083.333, 2125, 2166.667, 2208.333, 2250, 2291.667, 2333.333, 2375, 2416.667, 2458.333, 2500, 2541.667, 2583.333, 2625, 2666.667, 2708.333, 2750, 2791.667, 2833.333, 2875, 2916.667, 2958.333, 3000, 3041.667, 3083.333, 3125, 3166.667, 3208.333, 3250, 3291.667, 3333.333, 3375, 3416.667, 3458.333, 3500, 3541.667, 3583.333, 3625, 3666.667, 3708.333, 3750, 3791.667, 3833.333, 3875, 3916.667, 3958.333, 4000, 4041.667, 4083.333, 4125, 4166.667, },
	transfs = {
		{ 1, 0, -2.4102554690148e-21, 0, 0, 1, -4.336808689942e-19, 0, -2.4102554690148e-21, 4.336808689942e-19, 1, 0, 3.0517577442879e-07, 0, 0, 1, },
		{ 0.99998462200165, 3.2807090377673e-14, 0.0055480916053057, 0, -1.5987211554602e-14, 1, -3.0430020482586e-12, 0, -0.0055480916053057, 3.0428652219444e-12, 0.99998462200165, 0, 0.0023617553524673, 0, -3.7841797166038e-05, 1, },
		{ 0.99979490041733, 2.0144996781823e-13, 0.020250579342246, 0, 2.3425704125525e-14, 1, -1.1107631307794e-11, 0, -0.020250579342246, 1.1105830664826e-11, 0.99979490041733, 0, 0.0047232052311301, 0, -7.5683594332077e-05, 1, },
		{ 0.99915134906769, 6.46427356088e-13, 0.041189059615135, 0, 2.8438362775773e-13, 1, -2.2594485310501e-11, 0, -0.041189059615135, 2.2587025999554e-11, 0.99915134906769, 0, 0.0070846555754542, 0, -0.00011352539149811, 1, },
		{ 0.99785673618317, 1.463051901851e-12, 0.065436832606792, 0, 8.8790086394397e-13, 1, -3.5899224565261e-11, 0, -0.065436832606792, 3.5880388937759e-11, 0.99785673618317, 0, 0.0059799193404615, 0, -9.5825191237964e-05, 1, },
		{ 0.99593561887741, 2.6249558082725e-12, 0.090067684650421, 0, 1.8333110637231e-12, 1, -4.9416828268312e-11, 0, -0.090067684650421, 4.9381103373047e-11, 0.99593561887741, 0, 0.0048757931217551, 0, -7.812499825377e-05, 1, },
		{ 0.99362659454346, 3.9909187066201e-12, 0.11272182315588, 0, 3.0002109737554e-12, 1, -6.1851981869587e-11, 0, -0.11272182315588, 6.1795957240207e-11, 0.99362659454346, 0, 0.003771057119593, 0, -6.0424801631598e-05, 1, },
		{ 0.99108135700226, 5.4770632473833e-12, 0.13325732946396, 0, 4.305833467555e-12, 1, -7.3126164845672e-11, 0, -0.13325732946396, 7.3047776161239e-11, 0.99108135700226, 0, 0.0026663206517696, 0, -4.2724608647404e-05, 1, },
		{ 0.98836749792099, 7.0483618941353e-12, 0.15208488702774, 0, 5.7117084499569e-12, 1, -8.3464360423058e-11, 0, -0.15208488702774, 8.336210888249e-11, 0.98836749792099, 0, 0.0015621947823092, 0, -2.5024413844221e-05, 1, },
		{ 0.98551064729691, 8.6922691266977e-12, 0.16961359977722, 0, 7.2015167267014e-12, 1, -9.3090778141569e-11, 0, -0.16961359977722, 9.2963428621751e-11, 0.98551064729691, 0, 0.00045745848910883, 0, -7.324218586291e-06, 1, },
		{ 0.9825022816658, 1.0415335260916e-11, 0.18625019490719, 0, 8.7783114111062e-12, 1, -1.0222860058473e-10, 0, -0.18625019490719, 1.0207479306246e-10, 0.9825022816658, 0, 0.0013537597842515, 0, -2.1667479813914e-05, 1, },
		{ 0.97932487726212, 1.2228606148523e-11, 0.20229387283325, 0, 1.0450584841948e-11, 1, -1.1104196728784e-10, 0, -0.20229387283325, 1.108602376565e-10, 0.97932487726212, 0, 0.0022500609047711, 0, -3.6163328331895e-05, 1, },
		{ 0.97603166103363, 1.4102107502578e-11, 0.21762835979462, 0, 1.2189359764603e-11, 1, -1.1946686695463e-10, 0, -0.21762835979462, 1.1925618825792e-10, 0.97603166103363, 0, 0.0031460570171475, 0, -5.050659092376e-05, 1, },
		{ 0.97270709276199, 1.5988876889139e-11, 0.23203648626804, 0, 1.3949508215205e-11, 1, -1.2738382570987e-10, 0, -0.23203648626804, 1.2714392039204e-10, 0.97270709276199, 0, 0.0040423581376672, 0, -6.4849853515625e-05, 1, },
		{ 0.96944588422775, 1.7835843912906e-11, 0.24530510604382, 0, 1.5679790799084e-11, 1, -1.3467553461322e-10, 0, -0.24530510604382, 1.3440697166356e-10, 0.96944588422775, 0, 0.0049386597238481, 0, -7.919311610749e-05, 1, },
		{ 0.96635174751282, 1.9585222332807e-11, 0.25722426176071, 0, 1.7324475187763e-11, 1, -1.4122636393665e-10, 0, -0.25722426176071, 1.4093060052289e-10, 0.96635174751282, 0, 0.0058346558362246, 0, -9.3536371423397e-05, 1, },
		{ 0.96352183818817, 2.1183055309848e-11, 0.26762959361076, 0, 1.8830825787575e-11, 1, -1.4694577499252e-10, 0, -0.26762959361076, 1.4662514258301e-10, 0.96352183818817, 0, 0.0067309569567442, 0, -0.00010787963401526, 1, },
		{ 0.96100586652756, 2.2602086868773e-11, 0.27652791142464, 0, 2.0171695910842e-11, 1, -1.5183725110557e-10, 0, -0.27652791142464, 1.514944836245e-10, 0.96100586652756, 0, 0.0082180788740516, 0, -0.0001316833513556, 1, },
		{ 0.95883375406265, 2.3826163264573e-11, 0.28396809101105, 0, 2.1330326394065e-11, 1, -1.5592747926174e-10, 0, -0.28396809101105, 1.5556561594465e-10, 0.95883375406265, 0, 0.0097058098763227, 0, -0.00015563964552712, 1, },
		{ 0.95702761411667, 2.4843238577432e-11, 0.2899968624115, 0, 2.2294388557498e-11, 1, -1.5924198071282e-10, 0, -0.2899968624115, 1.5886425508427e-10, 0.95702761411667, 0, 0.01119293179363, 0, -0.00017944334831554, 1, },
		{ 0.95560222864151, 2.5645485735026e-11, 0.2946594953537, 0, 2.3055668485483e-11, 1, -1.6180551343226e-10, 0, -0.2946594953537, 1.6141528391689e-10, 0.95560222864151, 0, 0.012680053710938, 0, -0.00020324706565589, 1, },
		{ 0.95455712080002, 2.6233515360019e-11, 0.29802784323692, 0, 2.3614053420995e-11, 1, -1.6365755972636e-10, 0, -0.29802784323692, 1.6325812923768e-10, 0.95455712080002, 0, 0.014020080678165, 0, -0.00022476195590571, 1, },
		{ 0.95384967327118, 2.6631474803196e-11, 0.30028468370438, 0, 2.3992195383182e-11, 1, -1.6489842824541e-10, 0, -0.30028468370438, 1.6449279438557e-10, 0.95384967327118, 0, 0.015359802171588, 0, -0.00024612425477244, 1, },
		{ 0.95342200994492, 2.6871947375606e-11, 0.30163967609406, 0, 2.4220845815104e-11, 1, -1.6564347116166e-10, 0, -0.30163967609406, 1.6523406254354e-10, 0.95342200994492, 0, 0.016699522733688, 0, -0.00026763914502226, 1, },
		{ 0.95321267843246, 2.698963275094e-11, 0.30230051279068, 0, 2.4332702519558e-11, 1, -1.6600686103541e-10, 0, -0.30230051279068, 1.6559559279372e-10, 0.95321267843246, 0, 0.018039245158434, 0, -0.00028915403527208, 1, },
		{ 0.95315736532211, 2.7020774506781e-11, 0.30247482657433, 0, 2.4362234452013e-11, 1, -1.6610270103801e-10, 0, -0.30247482657433, 1.6569097482932e-10, 0.95315736532211, 0, 0.019378967583179, 0, -0.0003106689255219, 1, },
		{ 0.95367562770844, 2.6729285451665e-11, 0.30083677172661, 0, 2.4085233807369e-11, 1, -1.652020048537e-10, 0, -0.30083677172661, 1.6479483055942e-10, 0.95367562770844, 0, 0.020988464355469, 0, -0.00033645628718659, 1, },
		{ 0.95506793260574, 2.594607688422e-11, 0.29638662934303, 0, 2.3341051313963e-11, 1, -1.6275517045194e-10, 0, -0.29638662934303, 1.6236020861093e-10, 0.95506793260574, 0, 0.022597350180149, 0, -0.00036224364885129, 1, },
		{ 0.95708191394806, 2.4812651933104e-11, 0.28981745243073, 0, 2.2265411736555e-11, 1, -1.5914330964151e-10, 0, -0.28981745243073, 1.587660974911e-10, 0.95708191394806, 0, 0.024206237867475, 0, -0.00038803101051599, 1, },
		{ 0.9594663977623, 2.3469724427794e-11, 0.28182291984558, 0, 2.0992707572276e-11, 1, -1.5474814485383e-10, 0, -0.28182291984558, 1.5439187428523e-10, 0.9594663977623, 0, 0.025815734639764, 0, -0.00041381834307685, 1, },
		{ 0.96198505163193, 2.2050028469778e-11, 0.27310216426849, 0, 1.9649670779387e-11, 1, -1.4995403530005e-10, 0, -0.27310216426849, 1.4961987204742e-10, 0.96198505163193, 0, 0.027038268744946, 0, -0.00043334960355423, 1, },
		{ 0.96446722745895, 2.0649482124213e-11, 0.26420265436172, 0, 1.8327448933486e-11, 1, -1.4506205958664e-10, 0, -0.26420265436172, 1.4474971221645e-10, 0.96446722745895, 0, 0.028261108323932, 0, -0.00045288083492778, 1, },
		{ 0.96692925691605, 1.9258872274719e-11, 0.2550445497036, 0, 1.7017220965698e-11, 1, -1.4002833614857e-10, 0, -0.2550445497036, 1.3973765200515e-10, 0.96692925691605, 0, 0.029483642429113, 0, -0.00047256468678825, 1, },
		{ 0.96942502260208, 1.7847612276967e-11, 0.24538768827915, 0, 1.569089302933e-11, 1, -1.3472091497935e-10, 0, -0.24538768827915, 1.3445217161845e-10, 0.96942502260208, 0, 0.0307064820081, 0, -0.00049209594726563, 1, },
		{ 0.97199773788452, 1.6390944157507e-11, 0.23499032855034, 0, 1.4325596264797e-11, 1, -1.2900704116081e-10, 0, -0.23499032855034, 1.2876089083846e-10, 0.97199773788452, 0, 0.031929016113281, 0, -0.00051177979912609, 1, },
		{ 0.97467917203903, 1.4870216169527e-11, 0.22360774874687, 0, 1.2904899371335e-11, 1, -1.2275229444025e-10, 0, -0.22360774874687, 1.2252973635718e-10, 0.97467917203903, 0, 0.03226226568222, 0, -0.0005171203520149, 1, },
		{ 0.97747939825058, 1.3279154685575e-11, 0.21103075146675, 0, 1.1424305945695e-11, 1, -1.1584194020697e-10, 0, -0.21103075146675, 1.1564398744168e-10, 0.97747939825058, 0, 0.03259551897645, 0, -0.00052246090490371, 1, },
		{ 0.98036330938339, 1.1636580588004e-11, 0.19719961285591, 0, 9.9033550457484e-12, 1, -1.0824335872073e-10, 0, -0.19719961285591, 1.0807076761266e-10, 0.98036330938339, 0, 0.032928466796875, 0, -0.00052780151600018, 1, },
		{ 0.98328143358231, 9.9697472499827e-12, 0.18209236860275, 0, 8.3693052488343e-12, 1, -9.9944760800774e-11, 0, -0.18209236860275, 9.9797795027889e-11, 0.98328143358231, 0, 0.033261716365814, 0, -0.00053314206888899, 1, },
		{ 0.98617821931839, 8.3088527377817e-12, 0.16568773984909, 0, 6.8526295748939e-12, 1, -9.0934662577702e-11, 0, -0.16568773984909, 9.0813176423232e-11, 0.98617821931839, 0, 0.033594664186239, 0, -0.00053848267998546, 1, },
		{ 0.98899257183075, 6.6874279551488e-12, 0.14796523749828, 0, 5.3869131377837e-12, 1, -8.1202121415824e-11, 0, -0.14796523749828, 8.1105372418122e-11, 0.98899257183075, 0, 0.033927917480469, 0, -0.00054382323287427, 1, },
		{ 0.99164748191833, 5.1478266094307e-12, 0.12897816300392, 0, 4.0142889012884e-12, 1, -7.0776703942066e-11, 0, -0.12897816300392, 7.0703297383456e-11, 0.99164748191833, 0, 0.034261167049408, 0, -0.00054916378576308, 1, },
		{ 0.99403375387192, 3.7516096999812e-12, 0.10907329618931, 0, 2.7929323350578e-12, 1, -5.9849104838694e-11, 0, -0.10907329618931, 5.9796660678568e-11, 0.99403375387192, 0, 0.034594114869833, 0, -0.00055450439685956, 1, },
		{ 0.99606049060822, 2.5503488210177e-12, 0.08867534995079, 0, 1.7709166381594e-12, 1, -4.8652634004887e-11, 0, -0.08867534995079, 4.8618005454859e-11, 0.99606049060822, 0, 0.034927368164063, 0, -0.00055984494974837, 1, },
		{ 0.99767065048218, 1.5772937426647e-12, 0.068213909864426, 0, 9.7771779821593e-13, 1, -3.742317566946e-11, 0, -0.068213909864426, 3.7402698993549e-11, 0.99767065048218, 0, 0.035260617733002, 0, -0.00056518556084484, 1, },
		{ 0.99884140491486, 8.4687812318407e-13, 0.048121590167284, 0, 4.2393863484806e-13, 1, -2.6398092045632e-11, 0, -0.048121590167284, 2.6387910953551e-11, 0.99884140491486, 0, 0.035593871027231, 0, -0.00057052611373365, 1, },
		{ 0.9995875954628, 3.5232924975974e-13, 0.028715105727315, 0, 9.9920072216264e-14, 1, -1.5751041096412e-11, 0, -0.028715105727315, 1.5747417259071e-11, 0.9995875954628, 0, 0.035926818847656, 0, -0.00057586666662246, 1, },
		{ 0.9999515414238, 6.9833028248922e-14, 0.0098409410566092, 0, -1.6708856520609e-14, 1, -5.3976237542053e-12, 0, -0.0098409410566092, 5.3971991806345e-12, 0.9999515414238, 0, 0.036259766668081, 0, -0.00058105465723202, 1, },
		{ 0.99996149539948, -1.7486012637846e-14, -0.0087733939290047, 0, 5.9674487573602e-14, 1, 4.8117304411732e-12, 0, 0.0087733939290047, -4.8120678448893e-12, 0.99996149539948, 0, 0.03659301623702, 0, -0.00058654783060774, 1, },
		{ 0.99962455034256, 8.5487172896137e-14, -0.027401177212596, 0, 3.2635003098351e-13, 1, 1.5026936292517e-11, 0, 0.027401177212596, -1.5030234001845e-11, 0.99962455034256, 0, 0.03692626953125, 0, -0.0005917358212173, 1, },
		{ 0.99892681837082, 3.8502534494e-13, -0.0463154502213, 0, 7.9203305155748e-13, 1, 2.5397685690653e-11, 0, 0.0463154502213, -2.5407112178022e-11, 0.99892681837082, 0, 0.037259519100189, 0, -0.00059722899459302, 1, },
		{ 0.99783909320831, 8.9639407008235e-13, -0.065704643726349, 0, 1.4738764679209e-12, 1, 3.6027202054978e-11, 0, 0.065704643726349, -3.6046183399252e-11, 0.99783909320831, 0, 0.037592772394419, 0, -0.00060241698520258, 1, },
		{ 0.99634480476379, 1.6293076913684e-12, -0.085422195494175, 0, 2.380095903351e-12, 1, 4.6835018502334e-11, 0, 0.085422195494175, -4.6867138642215e-11, 0.99634480476379, 0, 0.037925720214844, 0, -0.00060775753809139, 1, },
		{ 0.99444705247879, 2.5831004002441e-12, -0.10523821413517, 0, 3.5080824963701e-12, 1, 5.7695074412445e-11, 0, 0.10523821413517, -5.7743872183824e-11, 0.99444705247879, 0, 0.038258969783783, 0, -0.00061309814918786, 1, },
		{ 0.9921663403511, 3.747502308471e-12, -0.12492410838604, 0, 4.845457368674e-12, 1, 6.8482074178089e-11, 0, 0.12492410838604, -6.855091494451e-11, 0.9921663403511, 0, 0.038591917604208, 0, -0.00061843870207667, 1, },
		{ 0.98954075574875, 5.1025845874964e-12, -0.14425322413445, 0, 6.3704042041479e-12, 1, 7.9071880987325e-11, 0, 0.14425322413445, -7.9163793575976e-11, 0.98954075574875, 0, 0.038144834339619, 0, -0.00061126705259085, 1, },
		{ 0.98662179708481, 6.6209260296546e-12, -0.16302537918091, 0, 8.053835376387e-12, 1, 8.9354926235963e-11, 0, 0.16302537918091, -8.9472484976483e-11, 0.98662179708481, 0, 0.03769775480032, 0, -0.00060424802359194, 1, },
		{ 0.9834578037262, 8.2767681597318e-12, -0.18113730847836, 0, 9.8688279770442e-12, 1, 9.9274775899882e-11, 0, 0.18113730847836, -9.9420145727169e-11, 0.9834578037262, 0, 0.037250366061926, 0, -0.00059707637410611, 1, },
		{ 0.9800985455513, 1.0042799057641e-11, -0.19851119816303, 0, 1.1787570919353e-11, 1, 1.0878898476507e-10, 0, 0.19851119816303, -1.0896387958592e-10, 0.9800985455513, 0, 0.036803282797337, 0, -0.00058990478282794, 1, },
		{ 0.97659826278687, 1.188987710371e-11, -0.21507155895233, 0, 1.3780087314286e-11, 1, 1.1785637743511e-10, 0, 0.21507155895233, -1.1806204625042e-10, 0.97659826278687, 0, 0.036355894058943, 0, -0.00058273313334212, 1, },
		{ 0.97301423549652, 1.3786693141282e-11, -0.23074485361576, 0, 1.5814738407727e-11, 1, 1.2643688873659e-10, 0, 0.23074485361576, -1.2667404625244e-10, 0.97301423549652, 0, 0.035908814519644, 0, -0.00057556148385629, 1, },
		{ 0.96940582990646, 1.5701051570005e-11, -0.2454632371664, 0, 1.7858436951457e-11, 1, 1.3449351354833e-10, 0, 0.2454632371664, -1.3476240956489e-10, 0.96940582990646, 0, 0.035461731255054, 0, -0.00056838989257813, 1, },
		{ 0.9658305644989, 1.7601697877012e-11, -0.25917407870293, 0, 1.9879653478938e-11, 1, 1.4199774689416e-10, 0, 0.25917407870293, -1.4229804834454e-10, 0.9658305644989, 0, 0.035014342516661, 0, -0.0005612182430923, 1, },
		{ 0.96234530210495, 1.9457657707278e-11, -0.27182978391647, 0, 2.1846800410397e-11, 1, 1.4892362343311e-10, 0, 0.27182978391647, -1.4925458091675e-10, 0.96234530210495, 0, 0.034567259252071, 0, -0.00055404659360647, 1, },
		{ 0.9590066075325, 2.1238066860718e-11, -0.28338366746902, 0, 2.3728741194162e-11, 1, 1.5524585783577e-10, 0, 0.28338366746902, -1.5560615296284e-10, 0.9590066075325, 0, 0.034119870513678, 0, -0.00054687500232831, 1, },
		{ 0.9558699131012, 2.2912727271063e-11, -0.29379028081894, 0, 2.5494883981736e-11, 1, 1.6093977539544e-10, 0, 0.29379028081894, -1.6132761793131e-10, 0.9558699131012, 0, 0.033672790974379, 0, -0.00053970335284248, 1, },
		{ 0.95298635959625, 2.4453659583368e-11, -0.30301320552826, 0, 2.7116864309562e-11, 1, 1.6598550311997e-10, 0, 0.30301320552826, -1.6639871425195e-10, 0.95298635959625, 0, 0.033225707709789, 0, -0.00053253170335665, 1, },
		{ 0.9503927230835, 2.584088498736e-11, -0.31105244159698, 0, 2.8574751939625e-11, 1, 1.7038336019848e-10, 0, 0.31105244159698, -1.7081935865804e-10, 0.9503927230835, 0, 0.0327786244452, 0, -0.00052536011207849, 1, },
		{ 0.94811880588531, 2.7057855955803e-11, -0.31791615486145, 0, 2.985206526418e-11, 1, 1.74137856912e-10, 0, 0.31791615486145, -1.7459383938601e-10, 0.94811880588531, 0, 0.032331235706806, 0, -0.00051818846259266, 1, },
		{ 0.94618993997574, 2.8090751946763e-11, -0.32361173629761, 0, 3.093503231355e-11, 1, 1.7725322598583e-10, 0, 0.32361173629761, -1.7772616711653e-10, 0.94618993997574, 0, 0.030920408666134, 0, -0.00049560546176508, 1, },
		{ 0.94462716579437, 2.892796939491e-11, -0.32814553380013, 0, 3.1812052991853e-11, 1, 1.7973299237806e-10, 0, 0.32814553380013, -1.802196586409e-10, 0.94462716579437, 0, 0.029509581625462, 0, -0.0004730224609375, 1, },
		{ 0.94343888759613, 2.9564795056558e-11, -0.33154657483101, 0, 3.2478797429292e-11, 1, 1.8159310166688e-10, 0, 0.33154657483101, -1.8209021790394e-10, 0.94343888759613, 0, 0.028098754584789, 0, -0.00045028686872683, 1, },
		{ 0.94259482622147, 3.0017151958495e-11, -0.33393841981888, 0, 3.2952193057545e-11, 1, 1.8290126357901e-10, 0, 0.33393841981888, -1.8340576279918e-10, 0.94259482622147, 0, 0.026687927544117, 0, -0.00042770383879542, 1, },
		{ 0.94205158948898, 3.0308366927301e-11, -0.33546787500381, 0, 3.3256841724949e-11, 1, 1.8373770560576e-10, 0, 0.33546787500381, -1.8424703429609e-10, 0.94205158948898, 0, 0.0252770986408, 0, -0.00040512083796784, 1, },
		{ 0.94176214933395, 3.0463631617295e-11, -0.3362797498703, 0, 3.3419156331149e-11, 1, 1.8418172542667e-10, 0, 0.3362797498703, -1.8469357987438e-10, 0.94176214933395, 0, 0.023846128955483, 0, -0.00038223265437409, 1, },
		{ 0.94167685508728, 3.0509317294758e-11, -0.33651837706566, 0, 3.3466947962912e-11, 1, 1.84312246021e-10, 0, 0.33651837706566, -1.8482483599147e-10, 0.94167685508728, 0, 0.022414855659008, 0, -0.00035919187939726, 1, },
		{ 0.94203948974609, 3.0314917243146e-11, -0.33550190925598, 0, 3.326366959655e-11, 1, 1.8375631571921e-10, 0, 0.33550190925598, -1.8426572767627e-10, 0.94203948974609, 0, 0.020983580499887, 0, -0.00033630369580351, 1, },
		{ 0.94305872917175, 2.9768465470426e-11, -0.3326258957386, 0, 3.2691904738869e-11, 1, 1.8218340724907e-10, 0, 0.3326258957386, -1.8268385415521e-10, 0.94305872917175, 0, 0.019552307203412, 0, -0.00031341551220976, 1, },
		{ 0.94462597370148, 2.8928635528724e-11, -0.32814899086952, 0, 3.1812774636819e-11, 1, 1.7973486587941e-10, 0, 0.32814899086952, -1.8022155989783e-10, 0.94462597370148, 0, 0.018121337518096, 0, -0.00029052732861601, 1, },
		{ 0.9466278553009, 2.7856217332811e-11, -0.32232856750488, 0, 3.068928444705e-11, 1, 1.7655135686745e-10, 0, 0.32232856750488, -1.7702045385093e-10, 0.9466278553009, 0, 0.016609800979495, 0, -0.00026626585167833, 1, },
		{ 0.94895148277283, 2.6612156922567e-11, -0.31542187929153, 0, 2.9384383815056e-11, 1, 1.7277351771483e-10, 0, 0.31542187929153, -1.7322217271687e-10, 0.94895148277283, 0, 0.015097960829735, 0, -0.00024200438929256, 1, },
		{ 0.95150357484818, 2.5246636378706e-11, -0.30763781070709, 0, 2.7950586289904e-11, 1, 1.6851542383733e-10, 0, 0.30763781070709, -1.6894166621206e-10, 0.95150357484818, 0, 0.013586120679975, 0, -0.00021774291235488, 1, },
		{ 0.95425778627396, 2.3774038293567e-11, -0.29898476600647, 0, 2.6401825170552e-11, 1, 1.6378164102715e-10, 0, 0.29898476600647, -1.6418366666215e-10, 0.95425778627396, 0, 0.012074585072696, 0, -0.0001934814354172, 1, },
		{ 0.95720207691193, 2.220118533458e-11, -0.28942015767097, 0, 2.4744982105029e-11, 1, 1.5854872970067e-10, 0, 0.28942015767097, -1.5892487326141e-10, 0.95720207691193, 0, 0.01099731400609, 0, -0.00017623901658226, 1, },
		{ 0.96031975746155, 2.0537571643331e-11, -0.27890104055405, 0, 2.298877754825e-11, 1, 1.5279311149641e-10, 0, 0.27890104055405, -1.5314184642623e-10, 0.96031975746155, 0, 0.0099200438708067, 0, -0.0001589965831954, 1, },
		{ 0.96359008550644, 1.8794521494669e-11, -0.26738378405571, 0, 2.114452883617e-11, 1, 1.4649062518579e-10, 0, 0.26738378405571, -1.4681064697264e-10, 0.96359008550644, 0, 0.0088433837518096, 0, -0.00014175414980855, 1, },
		{ 0.96697843074799, 1.6991186235771e-11, -0.25485828518867, 0, 1.9231172210254e-11, 1, 1.3963573353148e-10, 0, 0.25485828518867, -1.3992594583012e-10, 0.96697843074799, 0, 0.0077661131508648, 0, -0.00012451171642169, 1, },
		{ 0.97041261196136, 1.5166590205951e-11, -0.24145253002644, 0, 1.7288670495219e-11, 1, 1.3229821405059e-10, 0, 0.24145253002644, -1.3255826991632e-10, 0.97041261196136, 0, 0.0066891480237246, 0, -0.00010726928303484, 1, },
		{ 0.97381740808487, 1.3361201034456e-11, -0.22733137011528, 0, 1.5359158389572e-11, 1, 1.2456824460827e-10, 0, 0.22733137011528, -1.2479835220791e-10, 0.97381740808487, 0, 0.0056118774227798, 0, -9.0026856923942e-05, 1, },
		{ 0.97712564468384, 1.161115648074e-11, -0.2126624584198, 0, 1.3480271586486e-11, 1, 1.165373769707e-10, 0, 0.2126624584198, -1.1673842448268e-10, 0.97712564468384, 0, 0.004761962685734, 0, -7.62939453125e-05, 1, },
		{ 0.98027950525284, 9.9475427894902e-12, -0.19761604070663, 0, 1.1684430333003e-11, 1, 1.0829880742191e-10, 0, 0.19761604070663, -1.0847212017495e-10, 0.98027950525284, 0, 0.0039120484143496, 0, -6.2713625084143e-05, 1, },
		{ 0.98325961828232, 8.3807405459879e-12, -0.1822097748518, 0, 9.9822372590097e-12, 1, 9.9862118574379e-11, 0, 0.1822097748518, -1.0000923700293e-10, 0.98325961828232, 0, 0.00306182843633, 0, -4.9133301217807e-05, 1, },
		{ 0.98615324497223, 6.8656187506011e-12, -0.16583669185638, 0, 8.3232309933123e-12, 1, 9.0894763937754e-11, 0, 0.16583669185638, -9.1016465197935e-11, 0.98615324497223, 0, 0.0022122191730887, 0, -3.5552977351472e-05, 1, },
		{ 0.98902815580368, 5.3684279244237e-12, -0.14772710204124, 0, 6.6668337517228e-12, 1, 8.097494202941e-11, 0, 0.14772710204124, -8.1071357960205e-11, 0.98902815580368, 0, 0.0013619994278997, 0, -2.182006755902e-05, 1, },
		{ 0.99188935756683, 3.8897773890767e-12, -0.1271039545536, 0, 5.0069393076058e-12, 1, 6.9676417413511e-11, 0, 0.1271039545536, -6.9747700670586e-11, 0.99188935756683, 0, 0.0005120849236846, 0, -8.2397455116734e-06, 1, },
		{ 0.99466216564178, 2.4741320103772e-12, -0.10318443179131, 0, 3.380962176891e-12, 1, 5.6569585821231e-11, 0, 0.10318443179131, -5.6616496213469e-11, 0.99466216564178, 0, -0.00033782958053052, 0, 5.3405760809255e-06, 1, },
		{ 0.99711352586746, 1.2494449919132e-12, -0.07592535763979, 0, 1.9168000520153e-12, 1, 4.1629720504144e-11, 0, 0.07592535763979, -4.1655078691916e-11, 0.99711352586746, 0, -0.00027008054894395, 0, 4.2724609556899e-06, 1, },
		{ 0.99883443117142, 4.2710277046824e-13, -0.048266924917698, 0, 8.513745264338e-13, 1, 2.6467597211144e-11, 0, 0.048266924917698, -2.6477832079652e-11, 0.99883443117142, 0, -0.00020263671467546, 0, 3.2043456030806e-06, 1, },
		{ 0.99971389770508, 5.1791904098764e-14, -0.023918718099594, 0, 2.6201263381154e-13, 1, 1.3117321465139e-11, 0, 0.023918718099594, -1.3119835946818e-11, 0.99971389770508, 0, -0.00013488769764081, 0, 2.1362304778449e-06, 1, },
		{ 0.99997818470001, -1.7041923427996e-14, -0.0065953843295574, 0, 4.0911718457437e-14, 1, 3.6172412721386e-12, 0, 0.0065953843295574, -3.6174320917209e-12, 0.99997818470001, 0, -6.7443848820403e-05, 0, 1.0681152389225e-06, 1, },
		{ 1, 0, -2.4102554690148e-21, 0, 0, 1, -4.336808689942e-19, 0, -2.4102554690148e-21, 4.336808689942e-19, 1, 0, 3.0517577442879e-07, 0, 0, 1, },
	},
}
end
