function data()
return {
	times = { 0, 41.667, 83.333, 125, 166.667, 208.333, 250, 291.667, 333.333, 375, 416.667, 458.333, 500, 541.667, 583.333, 625, 666.667, 708.333, 750, 791.667, 833.333, 875, 916.667, 958.333, 1000, 1041.667, 1083.333, 1125, 1166.667, 1208.333, 1250, 1291.667, 1333.333, 1375, 1416.667, 1458.333, 1500, 1541.667, 1583.333, 1625, 1666.667, 1708.333, 1750, 1791.667, 1833.333, 1875, 1916.667, 1958.333, 2000, 2041.667, 2083.333, 2125, 2166.667, 2208.333, 2250, 2291.667, 2333.333, 2375, 2416.667, 2458.333, 2500, 2541.667, 2583.333, 2625, 2666.667, 2708.333, 2750, 2791.667, 2833.333, 2875, 2916.667, 2958.333, 3000, 3041.667, 3083.333, 3125, 3166.667, 3208.333, 3250, 3291.667, 3333.333, 3375, 3416.667, 3458.333, 3500, 3541.667, 3583.333, 3625, 3666.667, 3708.333, 3750, 3791.667, 3833.333, 3875, 3916.667, 3958.333, 4000, 4041.667, 4083.333, 4125, 4166.667, },
	transfs = {
		{ 1, 0, 0, 0, 0, 1, 0, 0, 0, 0, 1, 0, 0, 0, 0, 1, },
		{ 0.99999874830246, 0, 0.0015826339367777, 0, 0, 1, 0, 0, -0.0015826339367777, 0, 0.99999874830246, 0, 0.0062661743722856, 0, 0, 1, },
		{ 0.99998199939728, 0, 0.0059941816143692, 0, 0, 1, 0, 0, -0.0059941816143692, 0, 0.99998199939728, 0, 0.022625425830483, 0, 0, 1, },
		{ 0.99991893768311, 0, 0.012729924172163, 0, 0, 1, 0, 0, -0.012729924172163, 0, 0.99991893768311, 0, 0.045419003814459, 0, 0, 1, },
		{ 0.99977338314056, 0, 0.021284695714712, 0, 0, 1, 0, 0, -0.021284695714712, 0, 0.99977338314056, 0, 0.070987544953823, 0, 0, 1, },
		{ 0.99951457977295, 0, 0.031152803450823, 0, 0, 1, 0, 0, -0.031152803450823, 0, 0.99951457977295, 0, 0.095672912895679, 0, 0, 1, },
		{ 0.9991238117218, 0, 0.041852723807096, 0, 0, 1, 0, 0, -0.041852723807096, 0, 0.9991238117218, 0, 0.11660430580378, 0, 0, 1, },
		{ 0.99859440326691, 0, 0.053001001477242, 0, 0, 1, 0, 0, -0.053001001477242, 0, 0.99859440326691, 0, 0.13406677544117, 0, 0, 1, },
		{ 0.99793446063995, 0, 0.064239025115967, 0, 0, 1, 0, 0, -0.064239025115967, 0, 0.99793446063995, 0, 0.14913299679756, 0, 0, 1, },
		{ 0.99716782569885, 0, 0.07520891726017, 0, 0, 1, 0, 0, -0.07520891726017, 0, 0.99716782569885, 0, 0.16287779808044, 0, 0, 1, },
		{ 0.99633353948593, 0, 0.085554070770741, 0, 0, 1, 0, 0, -0.085554070770741, 0, 0.99633353948593, 0, 0.17637328803539, 0, 0, 1, },
		{ 0.99547505378723, 0, 0.095023542642593, 0, 0, 1, 0, 0, -0.095023542642593, 0, 0.99547505378723, 0, 0.19043365120888, 0, 0, 1, },
		{ 0.99459987878799, 0, 0.10378400236368, 0, 0, 1, 0, 0, -0.10378400236368, 0, 0.99459987878799, 0, 0.20483276247978, 0, 0, 1, },
		{ 0.99369621276855, 0, 0.11210595071316, 0, 0, 1, 0, 0, -0.11210595071316, 0, 0.99369621276855, 0, 0.21908324956894, 0, 0, 1, },
		{ 0.99274253845215, 0, 0.12025898694992, 0, 0, 1, 0, 0, -0.12025898694992, 0, 0.99274253845215, 0, 0.23269988596439, 0, 0, 1, },
		{ 0.99170792102814, 0, 0.12851168215275, 0, 0, 1, 0, 0, -0.12851168215275, 0, 0.99170792102814, 0, 0.24519500136375, 0, 0, 1, },
		{ 0.99056929349899, 0, 0.13701263070107, 0, 0, 1, 0, 0, -0.13701263070107, 0, 0.99056929349899, 0, 0.2561828494072, 0, 0, 1, },
		{ 0.98936802148819, 0, 0.14543358981609, 0, 0, 1, 0, 0, -0.14543358981609, 0, 0.98936802148819, 0, 0.26567259430885, 0, 0, 1, },
		{ 0.98817509412766, 0, 0.1533294916153, 0, 0, 1, 0, 0, -0.1533294916153, 0, 0.98817509412766, 0, 0.27377441525459, 0, 0, 1, },
		{ 0.98707526922226, 0, 0.1602570861578, 0, 0, 1, 0, 0, -0.1602570861578, 0, 0.98707526922226, 0, 0.28059783577919, 0, 0, 1, },
		{ 0.98616349697113, 0, 0.16577538847923, 0, 0, 1, 0, 0, -0.16577538847923, 0, 0.98616349697113, 0, 0.28571411967278, 0, 0, 1, },
		{ 0.98551660776138, 0, 0.16957901418209, 0, 0, 1, 0, 0, -0.16957901418209, 0, 0.98551660776138, 0, 0.29083037376404, 0, 0, 1, },
		{ 0.98511415719986, 0, 0.17190112173557, 0, 0, 1, 0, 0, -0.17190112173557, 0, 0.98511415719986, 0, 0.29385009407997, 0, 0, 1, },
		{ 0.98490285873413, 0, 0.1731079518795, 0, 0, 1, 0, 0, -0.1731079518795, 0, 0.98490285873413, 0, 0.2968698143959, 0, 0, 1, },
		{ 0.98482239246368, 0, 0.17356470227242, 0, 0, 1, 0, 0, -0.17356470227242, 0, 0.98482239246368, 0, 0.29551696777344, 0, 0, 1, },
		{ 0.98480993509293, 0, 0.17363595962524, 0, 0, 1, 0, 0, -0.17363595962524, 0, 0.98480993509293, 0, 0.29416412115097, 0, 0, 1, },
		{ 0.98504710197449, 0, 0.17228490114212, 0, 0, 1, 0, 0, -0.17228490114212, 0, 0.98504710197449, 0, 0.2928112745285, 0, 0, 1, },
		{ 0.98567885160446, 0, 0.1686330139637, 0, 0, 1, 0, 0, -0.1686330139637, 0, 0.98567885160446, 0, 0.29145842790604, 0, 0, 1, },
		{ 0.98657953739166, 0, 0.16328153014183, 0, 0, 1, 0, 0, -0.16328153014183, 0, 0.98657953739166, 0, 0.29010558128357, 0, 0, 1, },
		{ 0.9876252412796, 0, 0.15683230757713, 0, 0, 1, 0, 0, -0.15683230757713, 0, 0.9876252412796, 0, 0.2887527346611, 0, 0, 1, },
		{ 0.9887028336525, 0, 0.14988896250725, 0, 0, 1, 0, 0, -0.14988896250725, 0, 0.9887028336525, 0, 0.28318420052528, 0, 0, 1, },
		{ 0.98973578214645, 0, 0.14290907979012, 0, 0, 1, 0, 0, -0.14290907979012, 0, 0.98973578214645, 0, 0.27646118402481, 0, 0, 1, },
		{ 0.99074214696884, 0, 0.13575714826584, 0, 0, 1, 0, 0, -0.13575714826584, 0, 0.99074214696884, 0, 0.26864928007126, 0, 0, 1, },
		{ 0.99175500869751, 0, 0.12814822793007, 0, 0, 1, 0, 0, -0.12814822793007, 0, 0.99175500869751, 0, 0.25982114672661, 0, 0, 1, },
		{ 0.99279850721359, 0, 0.11979608982801, 0, 0, 1, 0, 0, -0.11979608982801, 0, 0.99279850721359, 0, 0.25005096197128, 0, 0, 1, },
		{ 0.99388563632965, 0, 0.11041371524334, 0, 0, 1, 0, 0, -0.11041371524334, 0, 0.99388563632965, 0, 0.23941130936146, 0, 0, 1, },
		{ 0.99500381946564, 0, 0.099836871027946, 0, 0, 1, 0, 0, -0.099836871027946, 0, 0.99500381946564, 0, 0.22795623540878, 0, 0, 1, },
		{ 0.99608516693115, 0, 0.088398613035679, 0, 0, 1, 0, 0, -0.088398613035679, 0, 0.99608516693115, 0, 0.21566131711006, 0, 0, 1, },
		{ 0.9970651268959, 0, 0.076558239758015, 0, 0, 1, 0, 0, -0.076558239758015, 0, 0.9970651268959, 0, 0.20248320698738, 0, 0, 1, },
		{ 0.99789977073669, 0, 0.064777240157127, 0, 0, 1, 0, 0, -0.064777240157127, 0, 0.99789977073669, 0, 0.18837860226631, 0, 0, 1, },
		{ 0.99856686592102, 0, 0.053518701344728, 0, 0, 1, 0, 0, -0.053518701344728, 0, 0.99856686592102, 0, 0.17330291867256, 0, 0, 1, },
		{ 0.99906808137894, 0, 0.043161612004042, 0, 0, 1, 0, 0, -0.043161612004042, 0, 0.99906808137894, 0, 0.15724700689316, 0, 0, 1, },
		{ 0.99943047761917, 0, 0.03374507650733, 0, 0, 1, 0, 0, -0.03374507650733, 0, 0.99943047761917, 0, 0.14033415913582, 0, 0, 1, },
		{ 0.99968183040619, 0, 0.025222547352314, 0, 0, 1, 0, 0, -0.025222547352314, 0, 0.99968183040619, 0, 0.12272216379642, 0, 0, 1, },
		{ 0.99984604120255, 0, 0.017546905204654, 0, 0, 1, 0, 0, -0.017546905204654, 0, 0.99984604120255, 0, 0.10456817597151, 0, 0, 1, },
		{ 0.99994307756424, 0, 0.01067060045898, 0, 0, 1, 0, 0, -0.01067060045898, 0, 0.99994307756424, 0, 0.086030274629593, 0, 0, 1, },
		{ 0.99998944997787, 0, 0.0045902668498456, 0, 0, 1, 0, 0, -0.0045902668498456, 0, 0.99998944997787, 0, 0.067261964082718, 0, 0, 1, },
		{ 0.99999988079071, 0, -0.00051961821736768, 0, 0, 1, 0, 0, 0.00051961821736768, 0, 0.99999988079071, 0, 0.048403929919004, 0, 0, 1, },
		{ 0.99999010562897, 0, -0.0044402400963008, 0, 0, 1, 0, 0, 0.0044402400963008, 0, 0.99999010562897, 0, 0.029592284932733, 0, 0, 1, },
		{ 0.99997574090958, 0, -0.0069529195316136, 0, 0, 1, 0, 0, 0.0069529195316136, 0, 0.99997574090958, 0, 0.01096557546407, 0, 0, 1, },
		{ 0.9999692440033, 0, -0.0078390566632152, 0, 0, 1, 0, 0, 0.0078390566632152, 0, 0.9999692440033, 0, -0.0073403930291533, 0, 0, 1, },
		{ 0.99997276067734, 0, -0.007381163071841, 0, 0, 1, 0, 0, 0.007381163071841, 0, 0.99997276067734, 0, -0.025234069675207, 0, 0, 1, },
		{ 0.99998104572296, 0, -0.0061518112197518, 0, 0, 1, 0, 0, 0.0061518112197518, 0, 0.99998104572296, 0, -0.042805176228285, 0, 0, 1, },
		{ 0.99999046325684, 0, -0.0043674930930138, 0, 0, 1, 0, 0, 0.0043674930930138, 0, 0.99999046325684, 0, -0.060187682509422, 0, 0, 1, },
		{ 0.99999743700027, 0, -0.0022447172086686, 0, 0, 1, 0, 0, 0.0022447172086686, 0, 0.99999743700027, 0, -0.077517695724964, 0, 0, 1, },
		{ 1, 0, 0, 0, 0, 1, 0, 0, 0, 0, 1, 0, -0.0949302688241, 0, 0, 1, },
		{ 0.99999743700027, 0, 0.0022331031505018, 0, 0, 1, 0, 0, -0.0022331031505018, 0, 0.99999743700027, 0, -0.11248565465212, 0, 0, 1, },
		{ 0.99998915195465, 0, 0.0046529094688594, 0, 0, 1, 0, 0, -0.0046529094688594, 0, 0.99998915195465, 0, -0.12994842231274, 0, 0, 1, },
		{ 0.99997156858444, 0, 0.0075406837277114, 0, 0, 1, 0, 0, -0.0075406837277114, 0, 0.99997156858444, 0, -0.14700804650784, 0, 0, 1, },
		{ 0.99993747472763, 0, 0.011177659034729, 0, 0, 1, 0, 0, -0.011177659034729, 0, 0.99993747472763, 0, -0.16335494816303, 0, 0, 1, },
		{ 0.99987441301346, 0, 0.015844965353608, 0, 0, 1, 0, 0, -0.015844965353608, 0, 0.99987441301346, 0, -0.17867888510227, 0, 0, 1, },
		{ 0.99976456165314, 0, 0.02169924043119, 0, 0, 1, 0, 0, -0.02169924043119, 0, 0.99976456165314, 0, -0.19273620843887, 0, 0, 1, },
		{ 0.99959659576416, 0, 0.028399707749486, 0, 0, 1, 0, 0, -0.028399707749486, 0, 0.99959659576416, 0, -0.20555098354816, 0, 0, 1, },
		{ 0.99937033653259, 0, 0.035481303930283, 0, 0, 1, 0, 0, -0.035481303930283, 0, 0.99937033653259, 0, -0.21721282601357, 0, 0, 1, },
		{ 0.99909734725952, 0, 0.042479194700718, 0, 0, 1, 0, 0, -0.042479194700718, 0, 0.99909734725952, 0, -0.22781279683113, 0, 0, 1, },
		{ 0.99880218505859, 0, 0.048929072916508, 0, 0, 1, 0, 0, -0.048929072916508, 0, 0.99880218505859, 0, -0.23744063079357, 0, 0, 1, },
		{ 0.99851584434509, 0, 0.054462447762489, 0, 0, 1, 0, 0, -0.054462447762489, 0, 0.99851584434509, 0, -0.24618010222912, 0, 0, 1, },
		{ 0.99825245141983, 0, 0.05909239500761, 0, 0, 1, 0, 0, -0.05909239500761, 0, 0.99825245141983, 0, -0.25408828258514, 0, 0, 1, },
		{ 0.99801814556122, 0, 0.062927171587944, 0, 0, 1, 0, 0, -0.062927171587944, 0, 0.99801814556122, 0, -0.26121535897255, 0, 0, 1, },
		{ 0.99781465530396, 0, 0.066074900329113, 0, 0, 1, 0, 0, -0.066074900329113, 0, 0.99781465530396, 0, -0.2676115334034, 0, 0, 1, },
		{ 0.99764120578766, 0, 0.068643607199192, 0, 0, 1, 0, 0, -0.068643607199192, 0, 0.99764120578766, 0, -0.27332702279091, 0, 0, 1, },
		{ 0.99749594926834, 0, 0.070723742246628, 0, 0, 1, 0, 0, -0.070723742246628, 0, 0.99749594926834, 0, -0.27837386727333, 0, 0, 1, },
		{ 0.99738025665283, 0, 0.072336047887802, 0, 0, 1, 0, 0, -0.072336047887802, 0, 0.99738025665283, 0, -0.28211668133736, 0, 0, 1, },
		{ 0.99729633331299, 0, 0.073483742773533, 0, 0, 1, 0, 0, -0.073483742773533, 0, 0.99729633331299, 0, -0.28585937619209, 0, 0, 1, },
		{ 0.99724560976028, 0, 0.074170045554638, 0, 0, 1, 0, 0, -0.074170045554638, 0, 0.99724560976028, 0, -0.28498029708862, 0, 0, 1, },
		{ 0.99722862243652, 0, 0.07439811527729, 0, 0, 1, 0, 0, -0.07439811527729, 0, 0.99722862243652, 0, -0.28410124778748, 0, 0, 1, },
		{ 0.99725908041, 0, 0.07398821413517, 0, 0, 1, 0, 0, -0.07398821413517, 0, 0.99725908041, 0, -0.28322204947472, 0, 0, 1, },
		{ 0.99735426902771, 0, 0.072693876922131, 0, 0, 1, 0, 0, -0.072693876922131, 0, 0.99735426902771, 0, -0.28234297037125, 0, 0, 1, },
		{ 0.99751752614975, 0, 0.070417992770672, 0, 0, 1, 0, 0, -0.070417992770672, 0, 0.99751752614975, 0, -0.2814639210701, 0, 0, 1, },
		{ 0.99774867296219, 0, 0.067063271999359, 0, 0, 1, 0, 0, -0.067063271999359, 0, 0.99774867296219, 0, -0.28058487176895, 0, 0, 1, },
		{ 0.9980428814888, 0, 0.062532112002373, 0, 0, 1, 0, 0, -0.062532112002373, 0, 0.9980428814888, 0, -0.27605178952217, 0, 0, 1, },
		{ 0.99838542938232, 0, 0.056802626699209, 0, 0, 1, 0, 0, -0.056802626699209, 0, 0.99838542938232, 0, -0.27051877975464, 0, 0, 1, },
		{ 0.99874126911163, 0, 0.05015716701746, 0, 0, 1, 0, 0, -0.05015716701746, 0, 0.99874126911163, 0, -0.26397138834, 0, 0, 1, },
		{ 0.99907702207565, 0, 0.042954504489899, 0, 0, 1, 0, 0, -0.042954504489899, 0, 0.99907702207565, 0, -0.25639191269875, 0, 0, 1, },
		{ 0.99936777353287, 0, 0.03555403649807, 0, 0, 1, 0, 0, -0.03555403649807, 0, 0.99936777353287, 0, -0.2477619946003, 0, 0, 1, },
		{ 0.9995990395546, 0, 0.028315657749772, 0, 0, 1, 0, 0, -0.028315657749772, 0, 0.9995990395546, 0, -0.23806396126747, 0, 0, 1, },
		{ 0.99976789951324, 0, 0.021542312577367, 0, 0, 1, 0, 0, -0.021542312577367, 0, 0.99976789951324, 0, -0.22731246054173, 0, 0, 1, },
		{ 0.99988281726837, 0, 0.015307779423892, 0, 0, 1, 0, 0, -0.015307779423892, 0, 0.99988281726837, 0, -0.21565444767475, 0, 0, 1, },
		{ 0.99995362758636, 0, 0.0096284123137593, 0, 0, 1, 0, 0, -0.0096284123137593, 0, 0.99995362758636, 0, -0.2032690346241, 0, 0, 1, },
		{ 0.99998980760574, 0, 0.0045204451307654, 0, 0, 1, 0, 0, -0.0045204451307654, 0, 0.99998980760574, 0, -0.1903367638588, 0, 0, 1, },
		{ 1, 0, 0, 0, 0, 1, 0, 0, 0, 0, 1, 0, -0.17703658342361, 0, 0, 1, },
		{ 0.99999237060547, 0, -0.0039034807123244, 0, 0, 1, 0, 0, 0.0039034807123244, 0, 0.99999237060547, 0, -0.16340072453022, 0, 0, 1, },
		{ 0.99997472763062, 0, -0.0071070687845349, 0, 0, 1, 0, 0, 0.0071070687845349, 0, 0.99997472763062, 0, -0.14886978268623, 0, 0, 1, },
		{ 0.99995470046997, 0, -0.0095144929364324, 0, 0, 1, 0, 0, 0.0095144929364324, 0, 0.99995470046997, 0, -0.13273742794991, 0, 0, 1, },
		{ 0.99993914365768, 0, -0.011029521934688, 0, 0, 1, 0, 0, 0.011029521934688, 0, 0.99993914365768, 0, -0.11429657042027, 0, 0, 1, },
		{ 0.99993318319321, 0, -0.011555920355022, 0, 0, 1, 0, 0, 0.011555920355022, 0, 0.99993318319321, 0, -0.092840269207954, 0, 0, 1, },
		{ 0.99994641542435, 0, -0.010354149155319, 0, 0, 1, 0, 0, 0.010354149155319, 0, 0.99994641542435, 0, -0.068337097764015, 0, 0, 1, },
		{ 0.99997192621231, 0, -0.0074883326888084, 0, 0, 1, 0, 0, 0.0074883326888084, 0, 0.99997192621231, 0, -0.043456725776196, 0, 0, 1, },
		{ 0.99999171495438, 0, -0.0040677660144866, 0, 0, 1, 0, 0, 0.0040677660144866, 0, 0.99999171495438, 0, -0.021544188261032, 0, 0, 1, },
		{ 0.99999922513962, 0, -0.0012018426787108, 0, 0, 1, 0, 0, 0.0012018426787108, 0, 0.99999922513962, 0, -0.0059436033479869, 0, 0, 1, },
		{ 1, 0, 0, 0, 0, 1, 0, 0, 0, 0, 1, 0, 0, 0, 0, 1, },
	},
}
end
