function data()
return {
	times = { 0, 41.667, 83.333, 125, 166.667, 208.333, 250, 291.667, 333.333, 375, 416.667, 458.333, 500, 541.667, 625, 666.667, 708.333, 750, 791.667, 833.333, 875, 916.667, 958.333, 1000, 1041.667, 1083.333, 1125, 1166.667, 1208.333, 1250, 1291.667, 1333.333, 1375, 1416.667, 1458.333, 1500, 1541.667, 1583.333, 1625, 1666.667, 1708.333, 1750, 1791.667, 1833.333, 1875, 1916.667, 1958.333, 2000, 2041.667, 2083.333, },
	transfs = {
		{ 1, 0, 0, 0, 0, 1, 0, 0, 0, 0, 1, 0, 0, 0, 0, 1, },
		{ 0.99998927116394, 0, 0.0046298308297992, 0, 0, 1, 0, 0, -0.0046298308297992, 0, 0.99998927116394, 0, 0.011226501315832, 0, 0.00051517487736419, 1, },
		{ 0.99985611438751, 0, 0.016963880509138, 0, 0, 1, 0, 0, -0.016963880509138, 0, 0.99985611438751, 0, 0.040626831352711, 0, 0.0010303497547284, 1, },
		{ 0.99939888715744, 0, 0.034665547311306, 0, 0, 1, 0, 0, -0.034665547311306, 0, 0.99939888715744, 0, 0.081781007349491, 0, 0.0018264770042151, 1, },
		{ 0.99846458435059, 0, 0.05539283156395, 0, 0, 1, 0, 0, -0.05539283156395, 0, 0.99846458435059, 0, 0.12826934456825, 0, 0.0026226043701172, 1, },
		{ 0.99704629182816, 0, 0.076803043484688, 0, 0, 1, 0, 0, -0.076803043484688, 0, 0.99704629182816, 0, 0.17367187142372, 0, 0.0025765609461814, 1, },
		{ 0.99530434608459, 0, 0.09679488837719, 0, 0, 1, 0, 0, -0.09679488837719, 0, 0.99530434608459, 0, 0.2125698775053, 0, 0.0025305175222456, 1, },
		{ 0.99345648288727, 0, 0.11421070992947, 0, 0, 1, 0, 0, -0.11421070992947, 0, 0.99345648288727, 0, 0.24354675412178, 0, 0.0024845122825354, 1, },
		{ 0.99175655841827, 0, 0.12813600897789, 0, 0, 1, 0, 0, -0.12813600897789, 0, 0.99175655841827, 0, 0.26618683338165, 0, 0.0024384688585997, 1, },
		{ 0.9904790520668, 0, 0.13766369223595, 0, 0, 1, 0, 0, -0.13766369223595, 0, 0.9904790520668, 0, 0.28007629513741, 0, 0.0023924254346639, 1, },
		{ 0.98988264799118, 0, 0.14188793301582, 0, 0, 1, 0, 0, -0.14188793301582, 0, 0.98988264799118, 0, 0.28061246871948, 0, 0.0023463820107281, 1, },
		{ 0.98973417282104, 0, 0.14292035996914, 0, 0, 1, 0, 0, -0.14292035996914, 0, 0.98973417282104, 0, 0.28114867210388, 0, 0.0023003385867923, 1, },
		{ 0.98964357376099, 0, 0.1435465067625, 0, 0, 1, 0, 0, -0.1435465067625, 0, 0.98964357376099, 0, 0.28168487548828, 0, 0.0022542953956872, 1, },
		{ 0.98959690332413, 0, 0.14386802911758, 0, 0, 1, 0, 0, -0.14386802911758, 0, 0.98959690332413, 0, 0.28222075104713, 0, 0.002208290155977, 1, },
		{ 0.98957717418671, 0, 0.14400343596935, 0, 0, 1, 0, 0, -0.14400343596935, 0, 0.98957717418671, 0, 0.28329315781593, 0, 0.0021162033081055, 1, },
		{ 0.99039959907532, 0, 0.13823336362839, 0, 0, 1, 0, 0, -0.13823336362839, 0, 0.99039959907532, 0, 0.27627897262573, 0, 0.0020701598841697, 1, },
		{ 0.99240243434906, 0, 0.1230340898037, 0, 0, 1, 0, 0, -0.1230340898037, 0, 0.99240243434906, 0, 0.25874969363213, 0, 0.0020241164602339, 1, },
		{ 0.99482846260071, 0, 0.10156950354576, 0, 0, 1, 0, 0, -0.10156950354576, 0, 0.99482846260071, 0, 0.23326414823532, 0, 0.0019781112205237, 1, },
		{ 0.99702894687653, 0, 0.077027574181557, 0, 0, 1, 0, 0, -0.077027574181557, 0, 0.99702894687653, 0, 0.20238311588764, 0, 0.0019320677965879, 1, },
		{ 0.99861395359039, 0, 0.052630819380283, 0, 0, 1, 0, 0, -0.052630819380283, 0, 0.99861395359039, 0, 0.16866637766361, 0, 0.0018860244890675, 1, },
		{ 0.99951410293579, 0, 0.031168496236205, 0, 0, 1, 0, 0, -0.031168496236205, 0, 0.99951410293579, 0, 0.13426513969898, 0, 0.0018399810651317, 1, },
		{ 0.99990737438202, 0, 0.013607804663479, 0, 0, 1, 0, 0, -0.013607804663479, 0, 0.99990737438202, 0, 0.099700011312962, 0, 0.001793937641196, 1, },
		{ 0.99999988079071, 0, 0.00045173388207331, 0, 0, 1, 0, 0, -0.00045173388207331, 0, 0.99999988079071, 0, 0.065082088112831, 0, 0.0017478942172602, 1, },
		{ 0.99996954202652, 0, -0.0078032999299467, 0, 0, 1, 0, 0, 0.0078032999299467, 0, 0.99996954202652, 0, 0.030523985624313, 0, 0.00170188897755, 1, },
		{ 0.99994307756424, 0, -0.010664329864085, 0, 0, 1, 0, 0, 0.010664329864085, 0, 0.99994307756424, 0, -0.0038635253440589, 0, 0.0016558455536142, 1, },
		{ 0.99994933605194, 0, -0.010068152099848, 0, 0, 1, 0, 0, 0.010068152099848, 0, 0.99994933605194, 0, -0.037968140095472, 0, 0.0016098022460938, 1, },
		{ 0.99996829032898, 0, -0.0079622054472566, 0, 0, 1, 0, 0, 0.0079622054472566, 0, 0.99996829032898, 0, -0.071678161621094, 0, 0.0015172576531768, 1, },
		{ 0.99999243021011, 0, -0.00387033354491, 0, 0, 1, 0, 0, 0.00387033354491, 0, 0.99999243021011, 0, -0.10488235205412, 0, 0.0014247130602598, 1, },
		{ 0.99999642372131, 0, 0.0026836129836738, 0, 0, 1, 0, 0, -0.0026836129836738, 0, 0.99999642372131, 0, -0.13746963441372, 0, 0.0013322066515684, 1, },
		{ 0.9999258518219, 0, 0.012175389565527, 0, 0, 1, 0, 0, -0.012175389565527, 0, 0.9999258518219, 0, -0.169328302145, 0, 0.0012396621750668, 1, },
		{ 0.99969673156738, 0, 0.024624256417155, 0, 0, 1, 0, 0, -0.024624256417155, 0, 0.99969673156738, 0, -0.20000198483467, 0, 0.0011471175821498, 1, },
		{ 0.99926906824112, 0, 0.038227405399084, 0, 0, 1, 0, 0, -0.038227405399084, 0, 0.99926906824112, 0, -0.22765502333641, 0, 0.0010545729892328, 1, },
		{ 0.99871242046356, 0, 0.050728604197502, 0, 0, 1, 0, 0, -0.050728604197502, 0, 0.99871242046356, 0, -0.25010740756989, 0, 0.00096202845452353, 1, },
		{ 0.99820578098297, 0, 0.059876590967178, 0, 0, 1, 0, 0, -0.059876590967178, 0, 0.99820578098297, 0, -0.26517730951309, 0, 0.00086948391981423, 1, },
		{ 0.99798655509949, 0, 0.06342501938343, 0, 0, 1, 0, 0, -0.06342501938343, 0, 0.99798655509949, 0, -0.27068558335304, 0, 0.00077697751112282, 1, },
		{ 0.99799185991287, 0, 0.063342049717903, 0, 0, 1, 0, 0, -0.063342049717903, 0, 0.99799185991287, 0, -0.27050474286079, 0, 0.00068443297641352, 1, },
		{ 0.99802857637405, 0, 0.06276112049818, 0, 0, 1, 0, 0, -0.06276112049818, 0, 0.99802857637405, 0, -0.27032393217087, 0, 0.00059188844170421, 1, },
		{ 0.99812650680542, 0, 0.061184238642454, 0, 0, 1, 0, 0, -0.061184238642454, 0, 0.99812650680542, 0, -0.27014312148094, 0, 0.00054634094703943, 1, },
		{ 0.99830996990204, 0, 0.058113060891628, 0, 0, 1, 0, 0, -0.058113060891628, 0, 0.99830996990204, 0, -0.26996231079102, 0, 0.00050083157839254, 1, },
		{ 0.99859189987183, 0, 0.053048580884933, 0, 0, 1, 0, 0, -0.053048580884933, 0, 0.99859189987183, 0, -0.26978150010109, 0, 0.00045528411283158, 1, },
		{ 0.99905133247375, 0, 0.043548725545406, 0, 0, 1, 0, 0, -0.043548725545406, 0, 0.99905133247375, 0, -0.26503524184227, 0, 0.00040977477328852, 1, },
		{ 0.99955296516418, 0, 0.029896907508373, 0, 0, 1, 0, 0, -0.029896907508373, 0, 0.99955296516418, 0, -0.25201994180679, 0, 0.00036422727862373, 1, },
		{ 0.99987685680389, 0, 0.015687718987465, 0, 0, 1, 0, 0, -0.015687718987465, 0, 0.99987685680389, 0, -0.23094283044338, 0, 0.00031871793908067, 1, },
		{ 0.9999897480011, 0, 0.0045217946171761, 0, 0, 1, 0, 0, -0.0045217946171761, 0, 0.9999897480011, 0, -0.20201186835766, 0, 0.00027317047351971, 1, },
		{ 1, 0, 0, 0, 0, 1, 0, 0, 0, 0, 1, 0, -0.1654344201088, 0, 0.00022766113397665, 1, },
		{ 1, 0, 0, 0, 0, 1, 0, 0, 0, 0, 1, 0, -0.12241698801517, 0, 0.00018211363931186, 1, },
		{ 1, 0, 0, 0, 0, 1, 0, 0, 0, 0, 1, 0, -0.078162841498852, 0, 0.00013660429976881, 1, },
		{ 1, 0, 0, 0, 0, 1, 0, 0, 0, 0, 1, 0, -0.03887389972806, 0, 9.1056819655932e-05, 1, },
		{ 1, 0, 0, 0, 0, 1, 0, 0, 0, 0, 1, 0, -0.010751953348517, 0, 4.5547483750852e-05, 1, },
		{ 1, 0, 0, 0, 0, 1, 0, 0, 0, 0, 1, 0, 0, 0, 0, 1, },
	},
}
end
