function data()
return {
	times = { 0, 41.667, 83.333, 125, 166.667, 208.333, 250, 291.667, 333.333, 375, 416.667, 458.333, 500, 541.667, 583.333, 625, 666.667, 708.333, 750, 791.667, 833.333, 875, 916.667, 958.333, 1000, 1041.667, 1083.333, 1125, 1166.667, 1208.333, 1250, 1291.667, 1333.333, 1375, 1416.667, 1458.333, 1500, 1541.667, 1583.333, 1625, 1666.667, 1708.333, 1750, 1791.667, 1833.333, 1875, 1916.667, 1958.333, 2000, 2041.667, 2083.333, },
	transfs = {
		{ 1, 0, 0, 0, 0, 1, 0, 0, 0, 0, 1, 0, 0, 0, 0, 1, },
		{ 0.99999594688416, 0, -0.0028181755915284, 0, 0, 1, 0, 0, 0.0028181755915284, 0, 0.99999594688416, 0, 0.0016395568381995, 0, -0.0013271331554279, 1, },
		{ 0.99994772672653, 0, -0.010217268951237, 0, 0, 1, 0, 0, 0.010217268951237, 0, 0.99994772672653, 0, 0.0032792661804706, 0, -0.0026541899424046, 1, },
		{ 0.99978744983673, 0, -0.020613437518477, 0, 0, 1, 0, 0, 0.020613437518477, 0, 0.99978744983673, 0, 0.0075086974538863, 0, -0.0039813229814172, 1, },
		{ 0.99947422742844, 0, -0.032421957701445, 0, 0, 1, 0, 0, 0.032421957701445, 0, 0.99947422742844, 0, 0.013580322265625, 0, -0.0065602110698819, 1, },
		{ 0.99902898073196, 0, -0.044058490544558, 0, 0, 1, 0, 0, 0.044058490544558, 0, 0.99902898073196, 0, 0.021580656990409, 0, -0.009441452100873, 1, },
		{ 0.99852776527405, 0, -0.054242450743914, 0, 0, 1, 0, 0, 0.054242450743914, 0, 0.99852776527405, 0, 0.031566314399242, 0, -0.012451629154384, 1, },
		{ 0.99801981449127, 0, -0.062900729477406, 0, 0, 1, 0, 0, 0.062900729477406, 0, 0.99801981449127, 0, 0.043471984565258, 0, -0.015499572269619, 1, },
		{ 0.99752861261368, 0, -0.070261754095554, 0, 0, 1, 0, 0, 0.070261754095554, 0, 0.99752861261368, 0, 0.057202450931072, 0, -0.018515242263675, 1, },
		{ 0.99706536531448, 0, -0.076553821563721, 0, 0, 1, 0, 0, 0.076553821563721, 0, 0.99706536531448, 0, 0.072661586105824, 0, -0.021427763625979, 1, },
		{ 0.99663192033768, 0, -0.082004718482494, 0, 0, 1, 0, 0, 0.082004718482494, 0, 0.99663192033768, 0, 0.089754022657871, 0, -0.024167174473405, 1, },
		{ 0.99622774124146, 0, -0.086776845157146, 0, 0, 1, 0, 0, 0.086776845157146, 0, 0.99622774124146, 0, 0.1083050519228, 0, -0.02665588259697, 1, },
		{ 0.99587160348892, 0, -0.090772196650505, 0, 0, 1, 0, 0, 0.090772196650505, 0, 0.99587160348892, 0, 0.12782241404057, 0, -0.028788222000003, 1, },
		{ 0.99558842182159, 0, -0.093827828764915, 0, 0, 1, 0, 0, 0.093827828764915, 0, 0.99558842182159, 0, 0.1477342247963, 0, -0.030159834772348, 1, },
		{ 0.99540239572525, 0, -0.095780812203884, 0, 0, 1, 0, 0, 0.095780812203884, 0, 0.99540239572525, 0, 0.16746978461742, 0, -0.031531523913145, 1, },
		{ 0.99533599615097, 0, -0.096468098461628, 0, 0, 1, 0, 0, 0.096468098461628, 0, 0.99533599615097, 0, 0.18645721673965, 0, -0.030833205208182, 1, },
		{ 0.99540388584137, 0, -0.095765747129917, 0, 0, 1, 0, 0, 0.095765747129917, 0, 0.99540388584137, 0, 0.20424652099609, 0, -0.030134810134768, 1, },
		{ 0.99559557437897, 0, -0.093751147389412, 0, 0, 1, 0, 0, 0.093751147389412, 0, 0.99559557437897, 0, 0.22087234258652, 0, -0.029436491429806, 1, },
		{ 0.99589067697525, 0, -0.090562723577023, 0, 0, 1, 0, 0, 0.090562723577023, 0, 0.99589067697525, 0, 0.2364909350872, 0, -0.028738098219037, 1, },
		{ 0.99626582860947, 0, -0.08633878082037, 0, 0, 1, 0, 0, 0.08633878082037, 0, 0.99626582860947, 0, 0.2512583732605, 0, -0.028039779514074, 1, },
		{ 0.99669641256332, 0, -0.081217505037785, 0, 0, 1, 0, 0, 0.081217505037785, 0, 0.99669641256332, 0, 0.26533049345016, 0, -0.026504211127758, 1, },
		{ 0.99715888500214, 0, -0.075325854122639, 0, 0, 1, 0, 0, 0.075325854122639, 0, 0.99715888500214, 0, 0.27869004011154, 0, -0.024968642741442, 1, },
		{ 0.99763423204422, 0, -0.068745464086533, 0, 0, 1, 0, 0, 0.068745464086533, 0, 0.99763423204422, 0, 0.29062378406525, 0, -0.023750305175781, 1, },
		{ 0.99810415506363, 0, -0.061546832323074, 0, 0, 1, 0, 0, 0.061546832323074, 0, 0.99810415506363, 0, 0.30024582147598, 0, -0.022531965747476, 1, },
		{ 0.9985516667366, 0, -0.053800623863935, 0, 0, 1, 0, 0, 0.053800623863935, 0, 0.9985516667366, 0, 0.3066688477993, 0, -0.022632675245404, 1, },
		{ 0.99896079301834, 0, -0.045577798038721, 0, 0, 1, 0, 0, 0.045577798038721, 0, 0.99896079301834, 0, 0.30665770173073, 0, -0.022733459249139, 1, },
		{ 0.99931585788727, 0, -0.036984335631132, 0, 0, 1, 0, 0, 0.036984335631132, 0, 0.99931585788727, 0, 0.30664655566216, 0, -0.022834243252873, 1, },
		{ 0.99960041046143, 0, -0.028265733271837, 0, 0, 1, 0, 0, 0.028265733271837, 0, 0.99960041046143, 0, 0.3066354393959, 0, -0.022934950888157, 1, },
		{ 0.99980586767197, 0, -0.019702591001987, 0, 0, 1, 0, 0, 0.019702591001987, 0, 0.99980586767197, 0, 0.30317932367325, 0, -0.02303565852344, 1, },
		{ 0.99993300437927, 0, -0.011575753800571, 0, 0, 1, 0, 0, 0.011575753800571, 0, 0.99993300437927, 0, 0.29777282476425, 0, -0.02313644438982, 1, },
		{ 0.99999129772186, 0, -0.0041660377755761, 0, 0, 1, 0, 0, 0.0041660377755761, 0, 0.99999129772186, 0, 0.29008817672729, 0, -0.023237228393555, 1, },
		{ 0.99999725818634, 0, 0.0023210665676743, 0, 0, 1, 0, 0, -0.0023210665676743, 0, 0.99999725818634, 0, 0.2799052298069, 0, -0.023337936028838, 1, },
		{ 0.99996811151505, 0, 0.0079809837043285, 0, 0, 1, 0, 0, -0.0079809837043285, 0, 0.99996811151505, 0, 0.26743376255035, 0, -0.026279067620635, 1, },
		{ 0.99991571903229, 0, 0.012984483502805, 0, 0, 1, 0, 0, -0.012984483502805, 0, 0.99991571903229, 0, 0.2529913187027, 0, -0.029706344008446, 1, },
		{ 0.99984675645828, 0, 0.01750241778791, 0, 0, 1, 0, 0, -0.01750241778791, 0, 0.99984675645828, 0, 0.23689544200897, 0, -0.032548293471336, 1, },
		{ 0.99976432323456, 0, 0.021705644205213, 0, 0, 1, 0, 0, -0.021705644205213, 0, 0.99976432323456, 0, 0.21946349740028, 0, -0.032262649387121, 1, },
		{ 0.99966990947723, 0, 0.025691414251924, 0, 0, 1, 0, 0, -0.025691414251924, 0, 0.99966990947723, 0, 0.20100615918636, 0, -0.03197692707181, 1, },
		{ 0.99957174062729, 0, 0.029262527823448, 0, 0, 1, 0, 0, -0.029262527823448, 0, 0.99957174062729, 0, 0.18180847167969, 0, -0.031691282987595, 1, },
		{ 0.99948310852051, 0, 0.032148323953152, 0, 0, 1, 0, 0, -0.032148323953152, 0, 0.99948310852051, 0, 0.1621485799551, 0, -0.031405638903379, 1, },
		{ 0.99941909313202, 0, 0.03407821431756, 0, 0, 1, 0, 0, -0.03407821431756, 0, 0.99941909313202, 0, 0.14230437576771, 0, -0.031119918450713, 1, },
		{ 0.99939489364624, 0, 0.034781645983458, 0, 0, 1, 0, 0, -0.034781645983458, 0, 0.99939489364624, 0, 0.12255447357893, 0, -0.030834274366498, 1, },
		{ 0.99939668178558, 0, 0.034731313586235, 0, 0, 1, 0, 0, -0.034731313586235, 0, 0.99939668178558, 0, 0.10318756103516, 0, -0.028705976903439, 1, },
		{ 0.99940884113312, 0, 0.03437889739871, 0, 0, 1, 0, 0, -0.03437889739871, 0, 0.99940884113312, 0, 0.084534145891666, 0, -0.025888213887811, 1, },
		{ 0.99944126605988, 0, 0.033422343432903, 0, 0, 1, 0, 0, -0.033422343432903, 0, 0.99944126605988, 0, 0.066936187446117, 0, -0.022513961419463, 1, },
		{ 0.99950188398361, 0, 0.031559478491545, 0, 0, 1, 0, 0, -0.031559478491545, 0, 0.99950188398361, 0, 0.050734557211399, 0, -0.018716048449278, 1, },
		{ 0.99959409236908, 0, 0.028488049283624, 0, 0, 1, 0, 0, -0.028488049283624, 0, 0.99959409236908, 0, 0.036271058022976, 0, -0.014627227559686, 1, },
		{ 0.99973297119141, 0, 0.023108730092645, 0, 0, 1, 0, 0, -0.023108730092645, 0, 0.99973297119141, 0, 0.023871306329966, 0, -0.010424270294607, 1, },
		{ 0.99987602233887, 0, 0.015741907060146, 0, 0, 1, 0, 0, -0.015741907060146, 0, 0.99987602233887, 0, 0.013797454535961, 0, -0.0064614866860211, 1, },
		{ 0.99996626377106, 0, 0.0082155903801322, 0, 0, 1, 0, 0, -0.0082155903801322, 0, 0.99996626377106, 0, 0.0062968442216516, 0, -0.0031374357640743, 1, },
		{ 0.9999971985817, 0, 0.0023586675524712, 0, 0, 1, 0, 0, -0.0023586675524712, 0, 0.9999971985817, 0, 0.0016152954194695, 0, -0.00085075374227017, 1, },
		{ 1, 0, 0, 0, 0, 1, 0, 0, 0, 0, 1, 0, 0, 0, 0, 1, },
	},
}
end
