function data()
return {
	times = { 0, 83.333, 125, 166.667, 208.333, 250, 291.667, 333.333, 375, 416.667, 458.333, 500, 541.667, 583.333, 625, 666.667, 708.333, 750, 791.667, 833.333, 875, 916.667, 958.333, 1000, 1041.667, 1083.333, 1125, 1166.667, 1208.333, 1250, 1291.667, 1333.333, 1375, 1416.667, 1458.333, 1500, 1541.667, 1583.333, 1625, 1666.667, 1708.333, 1750, 1791.667, 1833.333, 1875, 1916.667, 1958.333, 2000, },
	transfs = {
		{ 1, 0, 0, 0, 0, 1, 0, 0, 0, 0, 1, 0, 0, 0, 0, 1, },
		{ 0.99999874830246, -2.5435209494162e-12, 0.0015358456876129, 0, 2.5481836692792e-12, 1, -2.8902433831662e-12, 0, -0.0015358317177743, 2.8941293805929e-12, 0.99999874830246, 0, 0, 0, 0, 1, },
		{ 0.99999439716339, -5.5007109978078e-12, 0.0033249584957957, 0, 5.5215831906708e-12, 1, -6.2522205294957e-12, 0, -0.0033249664120376, 6.2705396430829e-12, 0.99999439716339, 0, 0, 0, 0, 1, },
		{ 0.99998384714127, -9.3816057353258e-12, 0.0056785671040416, 0, 9.442446824437e-12, 1, -1.0666800775994e-11, 0, -0.0056785517372191, 1.0720202503478e-11, 0.99998384714127, 0, 0, 0, 0, 1, },
		{ 0.99996376037598, -1.4035883566521e-11, 0.0085093528032303, 0, 1.4172440131188e-11, 1, -1.5964340960295e-11, 0, -0.0085093257948756, 1.6084245046954e-11, 0.99996381998062, 0, 0, 0, 0, 1, },
		{ 0.99992805719376, -1.9740653556255e-11, 0.011991737410426, 0, 2.0011547974264e-11, 1, -2.246280765561e-11, 0, -0.011991703882813, 2.270117427372e-11, 0.99992805719376, 0, 0, 0, 0, 1, },
		{ 0.99984955787659, -2.8464340259826e-11, 0.017344281077385, 0, 2.9031109113897e-11, 1, -3.2412295070117e-11, 0, -0.017344253137708, 3.2910896230476e-11, 0.99984955787659, 0, 0, 0, 0, 1, },
		{ 0.99966061115265, -4.253264407339e-11, 0.026046687737107, 0, 4.3810732819338e-11, 1, -4.8487103221362e-11, 0, -0.026046667248011, 4.9611759145307e-11, 0.99966067075729, 0, 0, 0, 0, 1, },
		{ 0.99921655654907, -6.4120264653411e-11, 0.039575800299644, 0, 6.7071126430562e-11, 1, -7.3228090258226e-11, 0, -0.039575774222612, 7.5825012935127e-11, 0.99921655654907, 0, 0, 0, 0, 1, },
		{ 0.99823427200317, -9.5128127597377e-11, 0.059399798512459, 0, 1.0177846759829e-10, 1, -1.0893119045674e-10, 0, -0.059399776160717, 1.1478439726487e-10, 0.99823427200317, 0, 0, 0, 0, 1, },
		{ 0.99624574184418, -1.3641754392779e-10, 0.086570248007774, 0, 1.5055734436942e-10, 1, -1.56800905593e-10, 0, -0.086570262908936, 1.6924593670975e-10, 0.99624574184418, 0, 0, 0, 0, 1, },
		{ 0.99271142482758, -1.8602495932551e-10, 0.1205153092742, 0, 2.1347579259867e-10, 1, -2.1486601387011e-10, 0, -0.12051533162594, 2.3902699264333e-10, 0.99271142482758, 0, 0, 0, 0, 1, },
		{ 0.98708039522171, -2.4123902875317e-10, 0.16022530198097, 0, 2.8989766143184e-10, 1, -2.8031210685953e-10, 0, -0.16022528707981, 3.2313951514595e-10, 0.98708039522171, 0, 0, 0, 0, 1, },
		{ 0.97883611917496, -2.9933897027767e-10, 0.20464560389519, 0, 3.7904787641985e-10, 1, -3.5029656952901e-10, 0, -0.20464560389519, 4.2045356085652e-10, 0.97883611917496, 0, 0, 0, 0, 1, },
		{ 0.96754962205887, -3.5770231221477e-10, 0.25268122553825, 0, 4.7991954854609e-10, 1, -4.2204717498606e-10, 0, -0.25268125534058, 5.2961823815423e-10, 0.96754962205887, 0, 0, 0, 0, 1, },
		{ 0.9529179930687, -4.1392844707389e-10, 0.30322781205177, 0, 5.9125171425478e-10, 1, -4.9298221060923e-10, 0, -0.30322778224945, 6.4905547603189e-10, 0.9529179930687, 0, 0, 0, 0, 1, },
		{ 0.93477404117584, -4.6597414815608e-10, 0.35524287819862, 0, 7.1163286374798e-10, 1, -5.6086035815639e-10, 0, -0.35524287819862, 7.7708006696042e-10, 0.93477404117584, 0, 0, 0, 0, 1, },
		{ 0.91311073303223, -5.1214432694735e-10, 0.40771159529686, 0, 8.3939288852974e-10, 1, -6.2375959952732e-10, 0, -0.40771159529686, 9.1179191974433e-10, 0.91311073303223, 0, 0, 0, 0, 1, },
		{ 0.88809847831726, -5.5113424934916e-10, 0.45965313911438, 0, 9.7258556763791e-10, 1, -6.8011579701377e-10, 0, -0.45965313911438, 1.0510617931558e-09, 0.88809847831726, 0, 0, 0, 0, 1, },
		{ 0.86008661985397, -5.820777193577e-10, 0.51014810800552, 0, 1.1090295348737e-09, 1, -7.2877553991546e-10, 0, -0.51014810800552, 1.1925791465472e-09, 0.86008656024933, 0, 0, 0, 0, 1, },
		{ 0.82992482185364, -6.0438520854689e-10, 0.55787521600723, 0, 1.2449341557641e-09, 1, -7.6866013554167e-10, 0, -0.55787509679794, 1.3324478187471e-09, 0.82992482185364, 0, 0, 0, 0, 1, },
		{ 0.80013954639435, -6.1780758287e-10, 0.59981393814087, 0, 1.3705360180083e-09, 1, -7.9826822929618e-10, 0, -0.59981393814087, 1.4607923759513e-09, 0.80013942718506, 0, 0, 0, 0, 1, },
		{ 0.77418577671051, -6.2386917853985e-10, 0.63295841217041, 0, 1.4743463117028e-09, 1, -8.1766649007164e-10, 0, -0.63295841217041, 1.5662255936633e-09, 0.77418565750122, 0, 0, 0, 0, 1, },
		{ 0.75587970018387, -6.2544969203771e-10, 0.65471059083939, 0, 1.5448725632083e-09, 1, -8.2828682801406e-10, 0, -0.65471059083939, 1.6375293343529e-09, 0.75587958097458, 0, 0, 0, 0, 1, },
		{ 0.74900484085083, -6.2552119040049e-10, 0.66256457567215, 0, 1.5708366829514e-09, 1, -8.3168211206797e-10, 0, -0.66256457567215, 1.6637142774556e-09, 0.74900484085083, 0, 0, 0, 0, 1, },
		{ 0.75168979167938, -6.2552585333719e-10, 0.65951687097549, 0, 1.5607291015129e-09, 1, -8.3039297660292e-10, 0, -0.65951687097549, 1.6535248725802e-09, 0.75168979167938, 0, 0, 0, 0, 1, },
		{ 0.75981092453003, -6.2528382471783e-10, 0.65014404058456, 0, 1.5299005395875e-09, 1, -8.262034389972e-10, 0, -0.65014404058456, 1.6224139809395e-09, 0.75981092453003, 0, 0, 0, 0, 1, },
		{ 0.77333801984787, -6.2398908262651e-10, 0.63399392366409, 0, 1.4776587731191e-09, 1, -8.1821110997637e-10, 0, -0.63399392366409, 1.5695803545768e-09, 0.77333801984787, 0, 0, 0, 0, 1, },
		{ 0.79204225540161, -6.202152125212e-10, 0.6104661822319, 0, 1.4034402529006e-09, 1, -8.0490691889423e-10, 0, -0.6104661822319, 1.4942731496603e-09, 0.79204225540161, 0, 0, 0, 0, 1, },
		{ 0.81545829772949, -6.1185123634289e-10, 0.57881581783295, 0, 1.3068851556497e-09, 1, -7.8411616089014e-10, 0, -0.57881587743759, 1.3958598721331e-09, 0.81545823812485, 0, 0, 0, 0, 1, },
		{ 0.84257620573044, -5.9622373704826e-10, 0.53857713937759, 0, 1.1891240214723e-09, 1, -7.5328865367652e-10, 0, -0.53857713937759, 1.2751378841713e-09, 0.84257620573044, 0, 0, 0, 0, 1, },
		{ 0.87119340896606, -5.7115667750907e-10, 0.49093994498253, 0, 1.056277065814e-09, 1, -7.1101330378909e-10, 0, -0.49093994498253, 1.1379985842552e-09, 0.87119340896606, 0, 0, 0, 0, 1, },
		{ 0.89908176660538, -5.3556448165182e-10, 0.43778064846992, 0, 9.1564950066569e-10, 1, -6.5713134933532e-10, 0, -0.4377806186676, 9.9166830302977e-10, 0.89908188581467, 0, 0, 0, 0, 1, },
		{ 0.92444503307343, -4.89737306264e-10, 0.38131520152092, 0, 7.7429762601611e-10, 1, -5.9283811193467e-10, 0, -0.38131523132324, 8.4329754290735e-10, 0.92444503307343, 0, 0, 0, 0, 1, },
		{ 0.94603317975998, -4.3550804629255e-10, 0.32406970858574, 0, 6.3876154365872e-10, 1, -5.2081861046105e-10, 0, -0.32406973838806, 6.9971495264554e-10, 0.94603317975998, 0, 0, 0, 0, 1, },
		{ 0.96326839923859, -3.7592615131921e-10, 0.26854026317596, 0, 5.1426707337043e-10, 1, -4.4481607286428e-10, 0, -0.26854026317596, 5.6657861735587e-10, 0.96326839923859, 0, 0, 0, 0, 1, },
		{ 0.9763308763504, -3.1390845478541e-10, 0.21628224849701, 0, 4.0305289661369e-10, 1, -3.6805791747696e-10, 0, -0.21628220379353, 4.4651937702866e-10, 0.9763308763504, 0, 0, 0, 0, 1, },
		{ 0.98568946123123, -2.5245272539109e-10, 0.16857132315636, 0, 3.0635027847836e-10, 1, -2.9372312915221e-10, 0, -0.16857136785984, 3.4116176550469e-10, 0.98568946123123, 0, 0, 0, 0, 1, },
		{ 0.99194997549057, -1.9472622125871e-10, 0.1266303062439, 0, 2.2504498264908e-10, 1, -2.2511935371394e-10, 0, -0.12663029134274, 2.5180457718932e-10, 0.99194997549057, 0, 0, 0, 0, 1, },
		{ 0.99579411745071, -1.4393508607213e-10, 0.091618910431862, 0, 1.5977563716518e-10, 1, -1.6555967707887e-10, 0, -0.091618925333023, 1.7950174679982e-10, 0.99579411745071, 0, 0, 0, 0, 1, },
		{ 0.9979327917099, -1.026265739057e-10, 0.064266316592693, 0, 1.1041233899389e-10, 1, -1.1759571094672e-10, 0, -0.064266286790371, 1.2444843766612e-10, 0.9979327917099, 0, 0, 0, 0, 1, },
		{ 0.99904108047485, -7.0761611847825e-11, 0.043781965970993, 0, 7.4373063263522e-11, 1, -8.085798697266e-11, 0, -0.043781999498606, 8.403665957557e-11, 0.99904108047485, 0, 0, 0, 0, 1, },
		{ 0.99958032369614, -4.7222892263221e-11, 0.02896779589355, 0, 4.8803738827985e-11, 1, -5.385469500907e-11, 0, -0.028967805206776, 5.5245807928372e-11, 0.99958032369614, 0, 0, 0, 0, 1, },
		{ 0.99982684850693, -3.0512037341168e-11, 0.018605446442962, 0, 3.1164071323531e-11, 1, -3.474964760386e-11, 0, -0.018605446442962, 3.5323410862986e-11, 0.99982684850693, 0, 0, 0, 0, 1, },
		{ 0.99993419647217, -1.8884227515059e-11, 0.011468167416751, 0, 1.9132249604037e-11, 1, -2.1487145396293e-11, 0, -0.011468171142042, 2.1705080441303e-11, 0.99993419647217, 0, 0, 0, 0, 1, },
		{ 0.99997901916504, -1.0696554753054e-11, 0.0064772977493703, 0, 1.0775601765045e-11, 1, -1.2162826301676e-11, 0, -0.0064772865734994, 1.2232325395656e-11, 0.99997901916504, 0, 0, 0, 0, 1, },
		{ 0.99999493360519, -5.2253756877008e-12, 0.0031583174131811, 0, 5.2444710900434e-12, 1, -5.9392486588539e-12, 0, -0.0031583281233907, 5.9557914156017e-12, 0.99999493360519, 0, 0, 0, 0, 1, },
		{ 0.99999922513962, -1.9675372442407e-12, 0.0011878908844665, 0, 1.9704238241047e-12, 1, -2.2357669101497e-12, 0, -0.0011878772638738, 2.2380985953419e-12, 0.99999922513962, 0, 0, 0, 0, 1, },
	},
}
end
