function data()
return {
	times = { 0, 41.667, 83.333, 125, 166.667, 208.333, 250, 291.667, 333.333, 375, 416.667, 458.333, 500, 541.667, 583.333, 625, 666.667, 708.333, 750, 791.667, 833.333, 875, 916.667, 958.333, 1000, 1041.667, 1083.333, 1125, 1166.667, 1208.333, 1250, 1291.667, 1333.333, 1375, 1416.667, 1458.333, 1500, 1541.667, 1583.333, 1625, 1666.667, 1708.333, 1750, 1791.667, 1833.333, 1875, 1916.667, 1958.333, 2000, 2041.667, 2083.333, },
	transfs = {
		{ 1, 0, -2.4102554690148e-21, 0, 0, 1, -4.336808689942e-19, 0, -2.4102554690148e-21, 4.336808689942e-19, 1, 0, 3.0517577442879e-07, 0, 0, 1, },
		{ 0.99992322921753, 9.6533891991157e-14, 0.012390688061714, 0, -1.237898672457e-14, 1, -6.7961938160499e-12, 0, -0.012390688061714, 6.7955198759795e-12, 0.99992322921753, 0, 0.0013320922153071, 0, -2.1362304323702e-05, 1, },
		{ 0.99900484085083, 7.4179545969319e-13, 0.04460085183382, 0, 3.4977576390816e-13, 1, -2.446637684117e-11, 0, -0.04460085183382, 2.4457630365404e-11, 0.99900484085083, 0, 0.0026641844306141, 0, -4.2724608647404e-05, 1, },
		{ 0.99601972103119, 2.574662705257e-12, 0.089132986962795, 0, 1.7912893390815e-12, 1, -4.8903811555867e-11, 0, -0.089132986962795, 4.8868829122251e-11, 0.99601972103119, 0, 0.0039962767623365, 0, -6.4086911152117e-05, 1, },
		{ 0.99037224054337, 5.8888449672168e-12, 0.13842986524105, 0, 4.6720960433788e-12, 1, -7.5966240242753e-11, 0, -0.13842986524105, 7.5881620431595e-11, 0.99037224054337, 0, 0.005328063853085, 0, -8.5449217294808e-05, 1, },
		{ 0.98273950815201, 1.0279721518458e-11, 0.18499457836151, 0, 8.6537998988945e-12, 1, -1.0153890228626e-10, 0, -0.18499457836151, 1.0138719030994e-10, 0.98273950815201, 0, 0.0066604614257813, 0, -0.0001068115234375, 1, },
		{ 0.97485768795013, 1.4768852807379e-11, 0.22282811999321, 0, 1.281041939194e-11, 1, -1.223239148862e-10, 0, -0.22282811999321, 1.2210291111536e-10, 0.97485768795013, 0, 0.0079922480508685, 0, -0.00012817382230423, 1, },
		{ 0.96792280673981, 1.8697265957712e-11, 0.25124764442444, 0, 1.6489032361733e-11, 1, -1.3794149156254e-10, 0, -0.25124764442444, 1.3765955042544e-10, 0.96792280673981, 0, 0.010996703989804, 0, -0.00017623901658226, 1, },
		{ 0.96261715888977, 2.1693480345419e-11, 0.27086573839188, 0, 1.9312829113716e-11, 1, -1.4872464371152e-10, 0, -0.27086573839188, 1.4839607320738e-10, 0.96261715888977, 0, 0.014001158997416, 0, -0.00022445678769145, 1, },
		{ 0.9593386054039, 2.3541777902092e-11, 0.28225800395012, 0, 2.1060930777139e-11, 1, -1.5498730077113e-10, 0, -0.28225800395012, 1.5462990610171e-10, 0.9593386054039, 0, 0.016719970852137, 0, -0.00026794432778843, 1, },
		{ 0.95824503898621, 2.4157675859726e-11, 0.28594812750816, 0, 2.1644463998882e-11, 1, -1.570160390596e-10, 0, -0.28594812750816, 1.5664901320545e-10, 0.95824503898621, 0, 0.019438171759248, 0, -0.0003115844738204, 1, },
		{ 0.95827484130859, 2.4140967003206e-11, 0.28584843873978, 0, 2.162858780963e-11, 1, -1.5696120791997e-10, 0, -0.28584843873978, 1.5659445962157e-10, 0.95827484130859, 0, 0.022156981751323, 0, -0.00035507199936546, 1, },
		{ 0.95848262310028, 2.4023892250535e-11, 0.285150796175, 0, 2.151767652947e-11, 1, -1.565776952539e-10, 0, -0.285150796175, 1.5621276494571e-10, 0.95848262310028, 0, 0.023782653734088, 0, -0.00038116454379633, 1, },
		{ 0.95904421806335, 2.3707535934392e-11, 0.28325629234314, 0, 2.1217970089249e-11, 1, -1.5553612564556e-10, 0, -0.28325629234314, 1.5517614970761e-10, 0.95904421806335, 0, 0.025408020243049, 0, -0.00040725705912337, 1, },
		{ 0.96012705564499, 2.3097412871209e-11, 0.27956396341324, 0, 2.064032278426e-11, 1, -1.5350627713406e-10, 0, -0.27956396341324, 1.5315579360298e-10, 0.96012705564499, 0, 0.027033081278205, 0, -0.00043319701217115, 1, },
		{ 0.96188122034073, 2.2108537223176e-11, 0.27346751093864, 0, 1.9705015397165e-11, 1, -1.5015486076742e-10, 0, -0.27346751093864, 1.4981980933637e-10, 0.96188122034073, 0, 0.028658751398325, 0, -0.00045928952749819, 1, },
		{ 0.96527308225632, 2.0194512728722e-11, 0.26124289631844, 0, 1.7898404980343e-11, 1, -1.4343519427751e-10, 0, -0.26124289631844, 1.4312995233468e-10, 0.96527308225632, 0, 0.030026854947209, 0, -0.00048126219189726, 1, },
		{ 0.97062426805496, 1.7168877430862e-11, 0.24060019850731, 0, 1.5054180124707e-11, 1, -1.3208986682223e-10, 0, -0.24060019850731, 1.3183167058006e-10, 0.97062426805496, 0, 0.031394958496094, 0, -0.00050323485629633, 1, },
		{ 0.97703570127487, 1.353139735677e-11, 0.21307533979416, 0, 1.1658674026194e-11, 1, -1.1696528467997e-10, 0, -0.21307533979416, 1.1676341837852e-10, 0.97703570127487, 0, 0.032763671129942, 0, -0.00052505492931232, 1, },
		{ 0.98362386226654, 9.7736818638339e-12, 0.18023318052292, 0, 8.1896156522987e-12, 1, -9.8923549907148e-11, 0, -0.18023318052292, 9.8779609492006e-11, 0.98362386226654, 0, 0.034131772816181, 0, -0.00054702756460756, 1, },
		{ 0.98962235450745, 6.3232197256013e-12, 0.14369291067123, 0, 5.0602850902581e-12, 1, -7.8856129959171e-11, 0, -0.14369291067123, 7.8764918198804e-11, 0.98962235450745, 0, 0.035500183701515, 0, -0.00056900025811046, 1, },
		{ 0.9944743514061, 3.4919289682023e-12, 0.10498006641865, 0, 2.5692781235875e-12, 1, -5.7602166092519e-11, 0, -0.10498006641865, 5.7553597304638e-11, 0.9944743514061, 0, 0.035092163830996, 0, -0.00056243897415698, 1, },
		{ 0.9978820681572, 1.447453268355e-12, 0.065049596130848, 0, 8.7579937876545e-13, 1, -3.5686731347795e-11, 0, -0.065049596130848, 3.5668117764898e-11, 0.9978820681572, 0, 0.034683838486671, 0, -0.00055587769020349, 1, },
		{ 0.9996942281723, 2.763345108292e-13, 0.024726128205657, 0, 5.8952842607596e-14, 1, -1.3562757687768e-11, 0, -0.024726128205657, 1.3560070601104e-11, 0.9996942281723, 0, 0.034275818616152, 0, -0.00054931640625, 1, },
		{ 0.99988514184952, -3.663735981263e-15, -0.015154771506786, 0, 1.2956302697376e-13, 1, 8.3113559437575e-12, 0, 0.015154771506786, -8.3123655528206e-12, 0.99988514184952, 0, 0.033867493271828, 0, -0.00054275512229651, 1, },
		{ 0.9985539317131, 5.5688786915198e-13, -0.053758982568979, 0, 1.0293432772812e-12, 1, 2.9478565422014e-11, 0, 0.053758982568979, -2.9491270536752e-11, 0.9985539317131, 0, 0.033459778875113, 0, -0.00053619383834302, 1, },
		{ 0.99589985609055, 1.8512413824112e-12, -0.090462476015091, 0, 2.6463276014965e-12, 1, 4.9597478901653e-11, 0, 0.090462476015091, -4.9633505638802e-11, 0.99589985609055, 0, 0.033051755279303, 0, -0.00052978511666879, 1, },
		{ 0.99210047721863, 3.7813085995708e-12, -0.12544575333595, 0, 4.8838710853261e-12, 1, 6.8767887217991e-11, 0, 0.12544575333595, -6.8837310851499e-11, 0.99210047721863, 0, 0.032643433660269, 0, -0.00052322389092296, 1, },
		{ 0.98726338148117, 6.2863598875029e-12, -0.15909391641617, 0, 7.6846307095479e-12, 1, 8.7201461329567e-11, 0, 0.15909391641617, -8.7313399566025e-11, 0.98726338148117, 0, 0.032235410064459, 0, -0.00051666260696948, 1, },
		{ 0.98143535852432, 9.3391952157851e-12, -0.19179314374924, 0, 1.1024847701435e-11, 1, 1.051102330174e-10, 0, 0.19179314374924, -1.0527338722977e-10, 0.98143535852432, 0, 0.031827390193939, 0, -0.00051010132301599, 1, },
		{ 0.97460615634918, 1.2943535132592e-11, -0.22392578423023, 0, 1.4911627488345e-11, 1, 1.2270384708302e-10, 0, 0.22392578423023, -1.2292702966654e-10, 0.97460615634918, 0, 0.031419064849615, 0, -0.0005035400390625, 1, },
		{ 0.96684247255325, 1.7063406243523e-11, -0.25537320971489, 0, 1.9307888621256e-11, 1, 1.399175497685e-10, 0, 0.25537320971489, -1.4020895555689e-10, 0.96684247255325, 0, 0.031011352315545, 0, -0.00049697875510901, 1, },
		{ 0.95880448818207, 2.1345867781686e-11, -0.28406652808189, 0, 2.3842594565338e-11, 1, 1.556195172725e-10, 0, 0.28406652808189, -1.559815887564e-10, 0.95880448818207, 0, 0.030603026971221, 0, -0.00049041747115552, 1, },
		{ 0.95153945684433, 2.522742952038e-11, -0.30752670764923, 0, 2.7930324719705e-11, 1, 1.6845463912674e-10, 0, 0.30752670764923, -1.6888056231235e-10, 0.95153945684433, 0, 0.030195007100701, 0, -0.00048400877858512, 1, },
		{ 0.94627916812897, 2.8043010621981e-11, -0.32335075736046, 0, 3.088496125514e-11, 1, 1.7711047906044e-10, 0, 0.32335075736046, -1.7758262915724e-10, 0.94627916812897, 0, 0.029786987230182, 0, -0.00047744749463163, 1, },
		{ 0.94427382946014, 2.9117319666483e-11, -0.3291609287262, 0, 3.2010338824051e-11, 1, 1.8028833981276e-10, 0, 0.3291609287262, -1.8077811470008e-10, 0.94427382946014, 0, 0.029378661885858, 0, -0.00047088621067815, 1, },
		{ 0.94431591033936, 2.9094724893208e-11, -0.32904013991356, 0, 3.1986746584778e-11, 1, 1.8022230929837e-10, 0, 0.32904013991356, -1.8071169560763e-10, 0.94431591033936, 0, 0.028970642015338, 0, -0.00046432492672466, 1, },
		{ 0.94460994005203, 2.8937185980737e-11, -0.32819500565529, 0, 3.1821711932167e-11, 1, 1.7976005406428e-10, 0, 0.32819500565529, -1.80246859105e-10, 0.94460994005203, 0, 0.028562622144818, 0, -0.000457763671875, 1, },
		{ 0.9454043507576, 2.8511635760675e-11, -0.32589980959892, 0, 3.137595738778e-11, 1, 1.7850469713476e-10, 0, 0.32589980959892, -1.7898453552601e-10, 0.9454043507576, 0, 0.028154602274299, 0, -0.00045120238792151, 1, },
		{ 0.94693517684937, 2.7691626769411e-11, -0.32142448425293, 0, 3.0516641297273e-11, 1, 1.7605689128786e-10, 0, 0.32142448425293, -1.7652328210271e-10, 0.94693517684937, 0, 0.025242308154702, 0, -0.00040451050153933, 1, },
		{ 0.94941276311874, 2.6365243321891e-11, -0.31403082609177, 0, 2.912531327226e-11, 1, 1.7201259860933e-10, 0, 0.31403082609177, -1.7245721517511e-10, 0.94941276311874, 0, 0.022330015897751, 0, -0.00035797117743641, 1, },
		{ 0.95320093631744, 2.4339029056075e-11, -0.30233770608902, 0, 2.6996292354364e-11, 1, 1.6561597926401e-10, 0, 0.30233770608902, -1.6602728913906e-10, 0.95320093631744, 0, 0.0194177236408, 0, -0.00031127929105423, 1, },
		{ 0.95855855941772, 2.1477153389071e-11, -0.28489562869072, 0, 2.3981150398811e-11, 1, 1.5607314052257e-10, 0, 0.28489562869072, -1.5643736306359e-10, 0.95855855941772, 0, 0.016304321587086, 0, -0.00026138304383494, 1, },
		{ 0.96538645029068, 1.7838064358955e-11, -0.26082342863083, 0, 2.0130452860201e-11, 1, 1.4290039984655e-10, 0, 0.26082342863083, -1.4320461483308e-10, 0.96538645029068, 0, 0.013190612196922, 0, -0.00021148681116756, 1, },
		{ 0.97337931394577, 1.3593293157754e-11, -0.22920027375221, 0, 1.5607737324785e-11, 1, 1.2559132900325e-10, 0, 0.22920027375221, -1.258252946279e-10, 0.97337931394577, 0, 0.010465392842889, 0, -0.00016769408830442, 1, },
		{ 0.98196268081665, 9.0618623715955e-12, -0.18907471001148, 0, 1.0723699706006e-11, 1, 1.0362159047483e-10, 0, 0.18907471001148, -1.0378011644496e-10, 0.98196268081665, 0, 0.0077401730231941, 0, -0.00012405395682435, 1, },
		{ 0.99003303050995, 4.8476218698912e-12, -0.14083531498909, 0, 6.0854099537266e-12, 1, 7.7199441284037e-11, 0, 0.14083531498909, -7.7287024002892e-11, 0.99003303050995, 0, 0.0050149536691606, 0, -8.0413818068337e-05, 1, },
		{ 0.99590867757797, 1.8468004903127e-12, -0.090365685522556, 0, 2.6410540421296e-12, 1, 4.9544434527204e-11, 0, 0.090365685522556, -4.9580384936521e-11, 0.99590867757797, 0, 0.0037612915039063, 0, -6.0272213886492e-05, 1, },
		{ 0.99898278713226, 3.597122328735e-13, -0.045093201100826, 0, 7.5606187976973e-13, 1, 2.4727568950778e-11, 0, 0.045093201100826, -2.4736506246126e-11, 0.99898278713226, 0, 0.0025076293386519, 0, -4.0283201087732e-05, 1, },
		{ 0.9999218583107, -1.2101430968414e-14, -0.012499588541687, 0, 9.7755130541981e-14, 1, 6.855244236853e-12, 0, 0.012499588541687, -6.8559285852643e-12, 0.9999218583107, 0, 0.0012539672898129, 0, -2.0141600543866e-05, 1, },
		{ 1, 0, -2.4102554690148e-21, 0, 0, 1, -4.336808689942e-19, 0, -2.4102554690148e-21, 4.336808689942e-19, 1, 0, 3.0517577442879e-07, 0, 0, 1, },
	},
}
end
