function data()
return {
	times = { 0, 41.667, 83.333, 125, 166.667, 208.333, 250, 291.667, 333.333, 375, 416.667, 458.333, 500, 541.667, 583.333, 625, 666.667, 708.333, 750, 791.667, 833.333, 875, 916.667, 958.333, 1000, 1041.667, 1083.333, 1125, 1166.667, 1208.333, 1250, 1291.667, 1333.333, 1375, 1416.667, 1458.333, 1500, 1541.667, 1583.333, 1625, 1666.667, 1708.333, 1750, 1791.667, 1833.333, 1875, 1916.667, 1958.333, 2000, 2041.667, 2083.333, },
	transfs = {
		{ 1, 0, 0, 0, 0, 1, 0, 0, 0, 0, 1, 0, 0, 0, 0, 1, },
		{ 0.99999970197678, 0, 0.0006691133021377, 0, 0, 1, 0, 0, -0.0006691133021377, 0, 0.99999970197678, 0, 0.011209487915039, 0, -0.0025701140984893, 1, },
		{ 0.9999965429306, 0, 0.0026284086052328, 0, 0, 1, 0, 0, -0.0026284086052328, 0, 0.9999965429306, 0, 0.040497284382582, 0, -0.010012969374657, 1, },
		{ 0.99998313188553, 0, 0.0058057974092662, 0, 0, 1, 0, 0, -0.0058057974092662, 0, 0.99998313188553, 0, 0.081352382898331, 0, -0.021927261725068, 1, },
		{ 0.99994868040085, 0, 0.010129132308066, 0, 0, 1, 0, 0, -0.010129132308066, 0, 0.99994868040085, 0, 0.12726382911205, 0, -0.037911832332611, 1, },
		{ 0.99987947940826, 0, 0.015526151284575, 0, 0, 1, 0, 0, -0.015526151284575, 0, 0.99987947940826, 0, 0.17172046005726, 0, -0.057565458118916, 1, },
		{ 0.99975967407227, 0, 0.021920802071691, 0, 0, 1, 0, 0, -0.021920802071691, 0, 0.99975967407227, 0, 0.20927348732948, 0, -0.080512158572674, 1, },
		{ 0.99957287311554, 0, 0.029222382232547, 0, 0, 1, 0, 0, -0.029222382232547, 0, 0.99957287311554, 0, 0.2387223392725, 0, -0.10647743195295, 1, },
		{ 0.99930268526077, 0, 0.03733629360795, 0, 0, 1, 0, 0, -0.03733629360795, 0, 0.99930268526077, 0, 0.25992849469185, 0, -0.13521209359169, 1, },
		{ 0.99893361330032, 0, 0.046167716383934, 0, 0, 1, 0, 0, -0.046167716383934, 0, 0.99893361330032, 0, 0.27275377511978, 0, -0.16646681725979, 1, },
		{ 0.99845194816589, 0, 0.055621556937695, 0, 0, 1, 0, 0, -0.055621556937695, 0, 0.99845194816589, 0, 0.27705961465836, 0, -0.19999259710312, 1, },
		{ 0.99784702062607, 0, 0.065584801137447, 0, 0, 1, 0, 0, -0.065584801137447, 0, 0.99784702062607, 0, 0.27665975689888, 0, -0.23544959723949, 1, },
		{ 0.99711745977402, 0, 0.07587344199419, 0, 0, 1, 0, 0, -0.07587344199419, 0, 0.99711745977402, 0, 0.27625995874405, 0, -0.27213644981384, 1, },
		{ 0.99627041816711, 0, 0.086286038160324, 0, 0, 1, 0, 0, -0.086286038160324, 0, 0.99627041816711, 0, 0.2758601307869, 0, -0.30926132202148, 1, },
		{ 0.99532109498978, 0, 0.096621721982956, 0, 0, 1, 0, 0, -0.096621721982956, 0, 0.99532109498978, 0, 0.27546027302742, 0, -0.34603241086006, 1, },
		{ 0.99429339170456, 0, 0.1066802740097, 0, 0, 1, 0, 0, -0.1066802740097, 0, 0.99429339170456, 0, 0.27393588423729, 0, -0.38165766000748, 1, },
		{ 0.99321705102921, 0, 0.1162747964263, 0, 0, 1, 0, 0, -0.1162747964263, 0, 0.99321705102921, 0, 0.26706749200821, 0, -0.41542968153954, 1, },
		{ 0.99212294816971, 0, 0.12526798248291, 0, 0, 1, 0, 0, -0.12526798248291, 0, 0.99212294816971, 0, 0.25141912698746, 0, -0.44697734713554, 1, },
		{ 0.99104398488998, 0, 0.13353550434113, 0, 0, 1, 0, 0, -0.13353550434113, 0, 0.99104398488998, 0, 0.22880332171917, 0, -0.47601398825645, 1, },
		{ 0.99001610279083, 0, 0.14095383882523, 0, 0, 1, 0, 0, -0.14095383882523, 0, 0.99001610279083, 0, 0.20103247463703, 0, -0.50225275754929, 1, },
		{ 0.98907697200775, 0, 0.14739981293678, 0, 0, 1, 0, 0, -0.14739981293678, 0, 0.98907697200775, 0, 0.16991916298866, 0, -0.52540695667267, 1, },
		{ 0.98826241493225, 0, 0.15276539325714, 0, 0, 1, 0, 0, -0.15276539325714, 0, 0.98826241493225, 0, 0.13704505562782, 0, -0.54517543315887, 1, },
		{ 0.9875984787941, 0, 0.1570009291172, 0, 0, 1, 0, 0, -0.1570009291172, 0, 0.9875984787941, 0, 0.10306922346354, 0, -0.56119984388351, 1, },
		{ 0.98710542917252, 0, 0.16007107496262, 0, 0, 1, 0, 0, -0.16007107496262, 0, 0.98710542917252, 0, 0.068419799208641, 0, -0.57310736179352, 1, },
		{ 0.98680061101913, 0, 0.16193993389606, 0, 0, 1, 0, 0, -0.16193993389606, 0, 0.98680061101913, 0, 0.033524930477142, 0, -0.58052521944046, 1, },
		{ 0.98669677972794, 0, 0.16257105767727, 0, 0, 1, 0, 0, -0.16257105767727, 0, 0.98669677972794, 0, -0.0011870574671775, 0, -0.58308064937592, 1, },
		{ 0.9868004322052, 0, 0.16194094717503, 0, 0, 1, 0, 0, -0.16194094717503, 0, 0.9868004322052, 0, -0.03537505865097, 0, -0.58087629079819, 1, },
		{ 0.98710584640503, 0, 0.16006886959076, 0, 0, 1, 0, 0, -0.16006886959076, 0, 0.98710584640503, 0, -0.069046549499035, 0, -0.57427597045898, 1, },
		{ 0.98760145902634, 0, 0.15698173642159, 0, 0, 1, 0, 0, -0.15698173642159, 0, 0.98760145902634, 0, -0.10229583829641, 0, -0.56329929828644, 1, },
		{ 0.98827165365219, 0, 0.15270589292049, 0, 0, 1, 0, 0, -0.15270589292049, 0, 0.98827165365219, 0, -0.13521735370159, 0, -0.54796558618546, 1, },
		{ 0.98909670114517, 0, 0.14726702868938, 0, 0, 1, 0, 0, -0.14726702868938, 0, 0.98909670114517, 0, -0.16790565848351, 0, -0.52829438447952, 1, },
		{ 0.99005055427551, 0, 0.14071153104305, 0, 0, 1, 0, 0, -0.14071153104305, 0, 0.99005055427551, 0, -0.20002426207066, 0, -0.50441777706146, 1, },
		{ 0.99109327793121, 0, 0.13316909968853, 0, 0, 1, 0, 0, -0.13316909968853, 0, 0.99109327793121, 0, -0.22951292991638, 0, -0.47691908478737, 1, },
		{ 0.99218302965164, 0, 0.12479095906019, 0, 0, 1, 0, 0, -0.12479095906019, 0, 0.99218302965164, 0, -0.25388091802597, 0, -0.44649425148964, 1, },
		{ 0.99328076839447, 0, 0.11572893708944, 0, 0, 1, 0, 0, -0.11572893708944, 0, 0.99328076839447, 0, -0.27063721418381, 0, -0.41383937001228, 1, },
		{ 0.99435168504715, 0, 0.10613561421633, 0, 0, 1, 0, 0, -0.10613561421633, 0, 0.99435168504715, 0, -0.27729055285454, 0, -0.37965044379234, 1, },
		{ 0.9953653216362, 0, 0.096165791153908, 0, 0, 1, 0, 0, -0.096165791153908, 0, 0.9953653216362, 0, -0.27754783630371, 0, -0.34456717967987, 1, },
		{ 0.99629688262939, 0, 0.085979871451855, 0, 0, 1, 0, 0, -0.085979871451855, 0, 0.99629688262939, 0, -0.27780508995056, 0, -0.30900412797928, 1, },
		{ 0.99712759256363, 0, 0.075740195810795, 0, 0, 1, 0, 0, -0.075740195810795, 0, 0.99712759256363, 0, -0.27806234359741, 0, -0.27332007884979, 1, },
		{ 0.99784535169601, 0, 0.065609827637672, 0, 0, 1, 0, 0, -0.065609827637672, 0, 0.99784535169601, 0, -0.27831962704659, 0, -0.23787322640419, 1, },
		{ 0.99844455718994, 0, 0.055752154439688, 0, 0, 1, 0, 0, -0.055752154439688, 0, 0.99844455718994, 0, -0.27857688069344, 0, -0.20302215218544, 1, },
		{ 0.99892646074295, 0, 0.046324092894793, 0, 0, 1, 0, 0, -0.046324092894793, 0, 0.99892646074295, 0, -0.27422964572906, 0, -0.16916969418526, 1, },
		{ 0.99929821491241, 0, 0.037455666810274, 0, 0, 1, 0, 0, -0.037455666810274, 0, 0.99929821491241, 0, -0.26129141449928, 0, -0.13689681887627, 1, },
		{ 0.99957156181335, 0, 0.029270082712173, 0, 0, 1, 0, 0, -0.029270082712173, 0, 0.99957156181335, 0, -0.23991805315018, 0, -0.10682914406061, 1, },
		{ 0.99976032972336, 0, 0.021890338510275, 0, 0, 1, 0, 0, -0.021890338510275, 0, 0.99976032972336, 0, -0.21026533842087, 0, -0.079591751098633, 1, },
		{ 0.99988079071045, 0, 0.015439196489751, 0, 0, 1, 0, 0, -0.015439196489751, 0, 0.99988079071045, 0, -0.17248885333538, 0, -0.05581047013402, 1, },
		{ 0.99994969367981, 0, 0.010028017684817, 0, 0, 1, 0, 0, -0.010028017684817, 0, 0.99994969367981, 0, -0.12780669331551, 0, -0.03602546453476, 1, },
		{ 0.99998360872269, 0, 0.0057233441621065, 0, 0, 1, 0, 0, -0.0057233441621065, 0, 0.99998360872269, 0, -0.081686474382877, 0, -0.020436935126781, 1, },
		{ 0.99999660253525, 0, 0.0025803949683905, 0, 0, 1, 0, 0, -0.0025803949683905, 0, 0.99999660253525, 0, -0.040658567100763, 0, -0.0091597745195031, 1, },
		{ 0.99999970197678, 0, 0.00065426802029833, 0, 0, 1, 0, 0, -0.00065426802029833, 0, 0.99999970197678, 0, -0.011253051459789, 0, -0.0023091887123883, 1, },
		{ 1, 0, 0, 0, 0, 1, 0, 0, 0, 0, 1, 0, 0, 0, 0, 1, },
	},
}
end
