function data()
return {
	times = { 0, 41.667, 83.333, 125, 166.667, 208.333, 250, 291.667, 333.333, 375, 416.667, 458.333, 500, 541.667, 583.333, 625, 666.667, 708.333, 750, 791.667, 833.333, 875, 916.667, 958.333, 1000, 1041.667, 1083.333, 1125, 1166.667, 1208.333, 1250, 1291.667, 1333.333, 1375, 1416.667, 1458.333, 1500, 1541.667, 1583.333, 1625, 1666.667, 1708.333, 1750, 1791.667, 1833.333, 1875, 1916.667, 1958.333, 2000, 2041.667, },
	transfs = {
		{ 1, 0, -4.6242503159988e-09, 0, 0, 1, 0, 0, 2.8237610028015e-09, -3.4694469519536e-18, 1, 0, 0.0030119323637336, 0, -0.0028755951207131, 1, },
		{ 0.99999988079071, -9.8809849191639e-15, -0.00057219550944865, 0, 1.0214050979518e-14, 1, 5.9517148154331e-13, 0, 0.00057219673180953, -5.9517842043721e-13, 0.99999988079071, 0, 0.0030119323637336, 0, -0.0028755951207131, 1, },
		{ 0.99999755620956, -3.6082248300318e-14, -0.0022086554672569, 0, 4.1189270825462e-14, 1, 2.2973220548117e-12, 0, 0.0022086543031037, -2.297407056262e-12, 0.99999755620956, 0, 0.0030119323637336, 0, -0.0028755951207131, 1, },
		{ 0.99998843669891, -7.1831429693248e-14, -0.0047892350703478, 0, 9.5701224722688e-14, 1, 4.9813885655281e-12, 0, 0.0047892318107188, -4.9817901540128e-12, 0.99998843669891, 0, 0.0030119323637336, 0, -0.0028755951207131, 1, },
		{ 0.99996644258499, -1.0835776720342e-13, -0.0081937024369836, 0, 1.7819078189981e-13, 1, 8.5222055107304e-12, 0, 0.0081937033683062, -8.5233842553323e-12, 0.99996644258499, 0, 0.0030119323637336, 0, -0.0028755951207131, 1, },
		{ 0.99992424249649, -1.3644640972643e-13, -0.012301809154451, 0, 2.9376501231582e-13, 1, 1.2794578764519e-11, 0, 0.012301809154451, -1.279722421782e-11, 0.99992436170578, 0, 0.0046437070704997, 0, -0.0029362486675382, 1, },
		{ 0.9998545050621, -1.4699352846037e-13, -0.017052955925465, 0, 4.4952927556567e-13, 1, 1.7735328830537e-11, 0, 0.017052955925465, -1.7740416774492e-11, 0.9998545050621, 0, 0.0062753292731941, 0, -0.0029969024471939, 1, },
		{ 0.99974405765533, -1.2934098236883e-13, -0.022625178098679, 0, 6.6191496728152e-13, 1, 2.3529423201496e-11, 0, 0.022625174373388, -2.3538376109355e-11, 0.99974393844604, 0, 0.0087617486715317, 0, -0.0030892943032086, 1, },
		{ 0.99957191944122, -6.6391336872584e-14, -0.029255976900458, 0, 9.5690111650421e-13, 1, 3.0423531749424e-11, 0, 0.029255973175168, -3.0438505882469e-11, 0.99957191944122, 0, 0.012523345649242, 0, -0.0032290648669004, 1, },
		{ 0.99930846691132, 6.9055872131685e-14, -0.037182383239269, 0, 1.3694601008751e-12, 1, 3.8663690304919e-11, 0, 0.037182383239269, -3.8687879289068e-11, 0.99930846691132, 0, 0.018030852079391, 0, -0.0057197571732104, 1, },
		{ 0.9989116191864, 3.1641356201817e-13, -0.046640638262033, 0, 1.9475532297974e-12, 1, 4.8494895599216e-11, 0, 0.046640638262033, -4.8532955432279e-11, 0.99891173839569, 0, 0.025866698473692, 0, -0.0098340604454279, 1, },
		{ 0.99834042787552, 7.1920247535218e-13, -0.057587504386902, 0, 2.7331470420222e-12, 1, 5.9871455015958e-11, 0, 0.057587504386902, -5.9929478046783e-11, 0.99834042787552, 0, 0.036453247070313, 0, -0.015890959650278, 1, },
		{ 0.99762582778931, 1.2652101588628e-12, -0.068866670131683, 0, 3.6737279884846e-12, 1, 7.1591135797355e-11, 0, 0.068866662681103, -7.1674159662916e-11, 0.99762582778931, 0, 0.049769438803196, 0, -0.023050840944052, 1, },
		{ 0.99687093496323, 1.8725021533328e-12, -0.079046703875065, 0, 4.6369574846494e-12, 1, 8.2166842774178e-11, 0, 0.079046703875065, -8.2276276069937e-11, 0.99687093496323, 0, 0.065689392387867, 0, -0.030010526999831, 1, },
		{ 0.99623435735703, 2.4007462684494e-12, -0.086700655519962, 0, 5.4328759373223e-12, 1, 9.0117073525686e-11, 0, 0.086700655519962, -9.0248773731982e-11, 0.99623435735703, 0, 0.084087677299976, 0, -0.035467222332954, 1, },
		{ 0.99590504169464, 2.6785240692107e-12, -0.090404957532883, 0, 5.8402167650573e-12, 1, 9.3964405700753e-11, 0, 0.090404957532883, -9.4107610593142e-11, 0.99590504169464, 0, 0.10491958260536, 0, -0.035944823175669, 1, },
		{ 0.9958119392395, 2.7575717317235e-12, -0.091425709426403, 0, 5.9550142594844e-12, 1, 9.5024522972498e-11, 0, 0.091425709426403, -9.5170982206128e-11, 0.9958119392395, 0, 0.1277502477169, 0, -0.036496579647064, 1, },
		{ 0.99575483798981, 2.8060886947401e-12, -0.092044800519943, 0, 6.0250693323383e-12, 1, 9.5667487820528e-11, 0, 0.092044800519943, -9.5815945455602e-11, 0.99575489759445, 0, 0.15204162895679, 0, -0.037102662026882, 1, },
		{ 0.99572539329529, 2.8311797350966e-12, -0.092362701892853, 0, 6.0613731915626e-12, 1, 9.599764733137e-11, 0, 0.092362701892853, -9.6147131922741e-11, 0.99572539329529, 0, 0.17718322575092, 0, -0.037740401923656, 1, },
		{ 0.99571448564529, 2.8405056085035e-12, -0.092479825019836, 0, 6.0746958678581e-12, 1, 9.6119272263717e-11, 0, 0.092479810118675, -9.6269138494254e-11, 0.99571448564529, 0, 0.20256362855434, 0, -0.03838699311018, 1, },
		{ 0.99571299552917, 2.8417268538306e-12, -0.092496551573277, 0, 6.0765836806809e-12, 1, 9.6136640315159e-11, 0, 0.092496551573277, -9.6286575934634e-11, 0.99571299552917, 0, 0.22757232189178, 0, -0.039019696414471, 1, },
		{ 0.99597436189651, 2.6199042935104e-12, -0.08963868021965, 0, 5.7548406144636e-12, 1, 9.3168563142232e-11, 0, 0.089638687670231, -9.3309353299542e-11, 0.99597436189651, 0, 0.25143766403198, 0, -0.039609983563423, 1, },
		{ 0.99663257598877, 2.0687895840865e-12, -0.081996165215969, 0, 4.9364956566933e-12, 1, 8.5230593416252e-11, 0, 0.081996165215969, -8.5348367262483e-11, 0.99663257598877, 0, 0.27285477519035, 0, -0.037139128893614, 1, },
		{ 0.99747878313065, 1.3814505095411e-12, -0.070964567363262, 0, 3.8633540810906e-12, 1, 7.3770711761512e-11, 0, 0.070964567363262, -7.3858891225242e-11, 0.99747890233994, 0, 0.29014739394188, 0, -0.034263990819454, 1, },
		{ 0.99831986427307, 7.3441253078954e-13, -0.057942297309637, 0, 2.7606803561925e-12, 1, 6.0240132326861e-11, 0, 0.057942297309637, -6.0298890880439e-11, 0.99831986427307, 0, 0.30170470476151, 0, -0.031881712377071, 1, },
		{ 0.99901676177979, 2.4746871218895e-13, -0.044333148747683, 0, 1.797895166078e-12, 1, 4.6096564065845e-11, 0, 0.044333148747683, -4.6130949754586e-11, 0.99901676177979, 0, 0.30584898591042, 0, -0.032664489001036, 1, },
		{ 0.99950933456421, -3.7303493627405e-14, -0.031321488320827, 0, 1.0579315201653e-12, 1, 3.2570911245866e-11, 0, 0.031321488320827, -3.258807113049e-11, 0.99950933456421, 0, 0.30427640676498, 0, -0.033234860748053, 1, },
		{ 0.99981564283371, -1.4399591274136e-13, -0.019197214394808, 0, 5.2735593669695e-13, 1, 1.9965034833702e-11, 0, 0.019197214394808, -1.9971477596692e-11, 0.99981564283371, 0, 0.29940429329872, 0, -0.033682707697153, 1, },
		{ 0.99996775388718, -1.0680345496894e-13, -0.0080255772918463, 0, 1.738609256563e-13, 1, 8.3473540579693e-12, 0, 0.0080255772918463, -8.3484824955904e-12, 0.99996775388718, 0, 0.29093199968338, 0, -0.033996656537056, 1, },
		{ 0.9999977350235, 3.9523939676656e-14, 0.0021289370488375, 0, -3.486100297323e-14, 1, -2.2144907435573e-12, 0, -0.0021289377473295, 2.214405742107e-12, 0.9999977350235, 0, 0.27855849266052, 0, -0.034165646880865, 1, },
		{ 0.9999372959137, 2.6112442828678e-13, 0.011202544905245, 0, -1.3067324999838e-13, 1, -1.1653586082239e-11, 0, -0.011202543973923, 1.165139078968e-11, 0.9999372959137, 0, 0.26193130016327, 0, -0.035562057048082, 1, },
		{ 0.99981743097305, 5.2391424532061e-13, 0.019105233252048, 0, -1.4421797089881e-13, 1, -1.9875771167799e-11, 0, -0.019105233252048, 1.9869387385407e-11, 0.99981743097305, 0, 0.24106001853943, 0, -0.036959912627935, 1, },
		{ 0.99967122077942, 7.9036771702054e-13, 0.025640131905675, 0, -1.0635936575909e-13, 1, -2.6675696374046e-11, 0, -0.025640128180385, 2.6664202096294e-11, 0.99967122077942, 0, 0.21697677671909, 0, -0.038179244846106, 1, },
		{ 0.99953216314316, 1.0214051826551e-12, 0.030584018677473, 0, -4.81836758806e-14, 1, -3.1820587831355e-11, 0, -0.030584018677473, 3.1804225919529e-11, 0.99953216314316, 0, 0.19098952412605, 0, -0.038751754909754, 1, },
		{ 0.99943149089813, 1.1808332089913e-12, 0.033713947981596, 0, 1.7763568394003e-15, 1, -3.5077982185605e-11, 0, -0.033713947981596, 3.505810225457e-11, 0.99943149089813, 0, 0.16436599195004, 0, -0.039300534874201, 1, },
		{ 0.99939405918121, 1.2388978731792e-12, 0.034806825220585, 0, 2.1649348980191e-14, 1, -3.6215416082674e-11, 0, -0.034806825220585, 3.6194217761798e-11, 0.99939405918121, 0, 0.13846634328365, 0, -0.037965696305037, 1, },
		{ 0.9994021654129, 1.2262413306985e-12, 0.03457023575902, 0, 1.720845688169e-14, 1, -3.596917208526e-11, 0, -0.03457023575902, 3.5948272136821e-11, 0.99940228462219, 0, 0.11432448774576, 0, -0.036696165800095, 1, },
		{ 0.99942719936371, 1.1873835248366e-12, 0.033839587122202, 0, 3.9968028886506e-15, 1, -3.5208745641224e-11, 0, -0.033839590847492, 3.5188719993418e-11, 0.99942719936371, 0, 0.092415161430836, 0, -0.032695770263672, 1, },
		{ 0.99946892261505, 1.1221024109886e-12, 0.032583523541689, 0, -1.7430501486615e-14, 1, -3.3901503132538e-11, 0, -0.032583523541689, 3.3882934652452e-11, 0.99946892261505, 0, 0.072867125272751, 0, -0.027530746534467, 1, },
		{ 0.9995265007019, 1.0306199253393e-12, 0.030770648270845, 0, -4.5519144009631e-14, 1, -3.2014810941172e-11, 0, -0.030770644545555, 3.1998244331977e-11, 0.9995265007019, 0, 0.055840451270342, 0, -0.021920775994658, 1, },
		{ 0.99959754943848, 9.1471274998867e-13, 0.028369572013617, 0, -7.7382544816373e-14, 1, -2.9516049326883e-11, 0, -0.028369570150971, 2.9501977250046e-11, 0.99959754943848, 0, 0.041495207697153, 0, -0.016585310921073, 1, },
		{ 0.9996777176857, 7.7904349637947e-13, 0.025383725762367, 0, -1.086908341108e-13, 1, -2.6408882025653e-11, 0, -0.025383725762367, 2.6397613261953e-11, 0.99967783689499, 0, 0.029907835647464, 0, -0.012106933631003, 1, },
		{ 0.99975895881653, 6.3460348087574e-13, 0.021956132724881, 0, -1.3322676295502e-13, 1, -2.2842202088147e-11, 0, -0.021956132724881, 2.2833771332054e-11, 0.99975895881653, 0, 0.020822448655963, 0, -0.0085216518491507, 1, },
		{ 0.99983316659927, 4.9293902293357e-13, 0.018264759331942, 0, -1.4577228313328e-13, 1, -1.9001271042707e-11, 0, -0.018264761194587, 1.899543369821e-11, 0.99983316659927, 0, 0.013899841345847, 0, -0.0057290648110211, 1, },
		{ 0.9998950958252, 3.6248779043506e-13, 0.014487685635686, 0, -1.4421797089881e-13, 1, -1.5071407663547e-11, 0, -0.014487685635686, 1.5067738723396e-11, 0.99989503622055, 0, 0.008790435269475, 0, -0.0038954925257713, 1, },
		{ 0.99994158744812, 2.4957813593574e-13, 0.010803040117025, 0, -1.2823075934421e-13, 1, -1.1237956745735e-11, 0, -0.010803040117025, 1.1235916710928e-11, 0.99994158744812, 0, 0.0051850890740752, 0, -0.0021179199684411, 1, },
		{ 0.99997270107269, 1.5754064719431e-13, 0.007388873025775, 0, -1.0080825063596e-13, 1, -7.686126908546e-12, 0, -0.007388876285404, 7.685166739102e-12, 0.99997270107269, 0, 0.0031697081867605, 0, -0.0020429992582649, 1, },
		{ 0.99999022483826, 8.7485567564199e-14, 0.0044233705848455, 0, -6.7279515292284e-14, 1, -4.6012022317243e-12, 0, -0.0044233724474907, 4.6008613585613e-12, 0.99999022483826, 0, 0.0011543274158612, 0, -0.0019681549165398, 1, },
		{ 0.99999785423279, 3.8635761256955e-14, 0.002084664767608, 0, -3.4194869158455e-14, 1, -2.1684355699936e-12, 0, -0.0020846633706242, 2.1683540379902e-12, 0.99999785423279, 0, 0.0011543274158612, 0, -0.0019681549165398, 1, },
		{ 0.99999976158142, 9.7699626167014e-15, 0.00055085244821385, 0, -9.5479171647434e-15, 1, -5.7297916411514e-13, 0, -0.00055085244821385, 5.7297742939166e-13, 0.99999976158142, 0, 0.0011543274158612, 0, -0.0019681549165398, 1, },
	},
}
end
