function data()
return {
	times = { 0, 41.667, 83.333, 125, 166.667, 208.333, 250, 291.667, 333.333, 375, 416.667, 458.333, 500, 541.667, 583.333, 625, 666.667, 708.333, 750, 791.667, 833.333, 875, 916.667, 958.333, 1000, 1041.667, 1083.333, 1125, 1166.667, 1208.333, 1250, 1291.667, 1333.333, 1375, 1416.667, 1458.333, 1500, 1541.667, 1583.333, 1625, 1666.667, 1708.333, 1750, 1791.667, 1833.333, 1875, 1916.667, 1958.333, 2000, 2041.667, 2083.333, 2125, 2166.667, 2208.333, 2250, 2291.667, 2333.333, 2375, 2416.667, 2458.333, 2500, 2541.667, 2583.333, 2625, 2666.667, 2708.333, 2750, 2791.667, 2833.333, 2875, 2916.667, 2958.333, 3000, 3041.667, 3083.333, 3125, 3166.667, 3208.333, 3250, 3291.667, 3333.333, 3375, 3416.667, 3458.333, 3500, 3541.667, 3583.333, 3625, 3666.667, 3708.333, 3750, 3791.667, 3833.333, 3875, 3916.667, 3958.333, 4000, 4041.667, 4083.333, 4125, 4166.667, },
	transfs = {
		{ 1, 0, 0, 0, 0, 1, 0, 0, 0, 0, 1, 0, 0, 0, 0, 1, },
		{ 0.99999922513962, 0, -0.0012273933971301, 0, 0, 1, 0, 0, 0.0012273933971301, 0, 0.99999922513962, 0, 0.0011320494813845, 0, -0.0003505706845317, 1, },
		{ 0.99998980760574, 0, -0.00449936138466, 0, 0, 1, 0, 0, 0.00449936138466, 0, 0.99998980760574, 0, 0.0022640989627689, 0, -0.00070114136906341, 1, },
		{ 0.99995768070221, 0, -0.0092005236074328, 0, 0, 1, 0, 0, 0.0092005236074328, 0, 0.99995768070221, 0, 0.0033961485605687, 0, -0.0010517119662836, 1, },
		{ 0.9998916387558, 0, -0.014715394005179, 0, 0, 1, 0, 0, 0.014715394005179, 0, 0.9998916387558, 0, 0.0055522155016661, 0, -0.0014022063696757, 1, },
		{ 0.999791264534, 0, -0.020428473129869, 0, 0, 1, 0, 0, 0.020428473129869, 0, 0.999791264534, 0, 0.007708434946835, 0, -0.0017527770251036, 1, },
		{ 0.99966609477997, 0, -0.02583884075284, 0, 0, 1, 0, 0, 0.02583884075284, 0, 0.99966609477997, 0, 0.0099882502108812, 0, -0.0021033477969468, 1, },
		{ 0.99952238798141, 0, -0.030903410166502, 0, 0, 1, 0, 0, 0.030903410166502, 0, 0.99952238798141, 0, 0.012267913669348, 0, -0.0024539183359593, 1, },
		{ 0.99936276674271, 0, -0.035693563520908, 0, 0, 1, 0, 0, 0.035693563520908, 0, 0.99936276674271, 0, 0.014933928847313, 0, -0.0038021085783839, 1, },
		{ 0.99918842315674, 0, -0.040280640125275, 0, 0, 1, 0, 0, 0.040280640125275, 0, 0.99918842315674, 0, 0.018122404813766, 0, -0.0051502990536392, 1, },
		{ 0.99899882078171, 0, -0.044735994189978, 0, 0, 1, 0, 0, 0.044735994189978, 0, 0.99899882078171, 0, 0.022032165899873, 0, -0.0066165160387754, 1, },
		{ 0.99879306554794, 0, -0.049114804714918, 0, 0, 1, 0, 0, 0.049114804714918, 0, 0.99879306554794, 0, 0.026804961264133, 0, -0.0080827325582504, 1, },
		{ 0.99857270717621, 0, -0.053407903760672, 0, 0, 1, 0, 0, 0.053407903760672, 0, 0.99857270717621, 0, 0.032358091324568, 0, -0.0095922090113163, 1, },
		{ 0.99834024906158, 0, -0.057590018957853, 0, 0, 1, 0, 0, 0.057590018957853, 0, 0.99834024906158, 0, 0.038552094250917, 0, -0.011101608164608, 1, },
		{ 0.99809867143631, 0, -0.061635952442884, 0, 0, 1, 0, 0, 0.061635952442884, 0, 0.99809867143631, 0, 0.045246887952089, 0, -0.012890548445284, 1, },
		{ 0.99785125255585, 0, -0.065520487725735, 0, 0, 1, 0, 0, 0.065520487725735, 0, 0.99785125255585, 0, 0.052303314208984, 0, -0.014679565094411, 1, },
		{ 0.99760115146637, 0, -0.069223143160343, 0, 0, 1, 0, 0, 0.069223143160343, 0, 0.99760115146637, 0, 0.059607084840536, 0, -0.016786422580481, 1, },
		{ 0.99735081195831, 0, -0.072741985321045, 0, 0, 1, 0, 0, 0.072741985321045, 0, 0.99735081195831, 0, 0.067144922912121, 0, -0.018933180719614, 1, },
		{ 0.9971017241478, 0, -0.076079815626144, 0, 0, 1, 0, 0, 0.076079815626144, 0, 0.9971017241478, 0, 0.074928432703018, 0, -0.02069023065269, 1, },
		{ 0.99685555696487, 0, -0.079239331185818, 0, 0, 1, 0, 0, 0.079239331185818, 0, 0.99685555696487, 0, 0.08297012001276, 0, -0.022447204217315, 1, },
		{ 0.99661386013031, 0, -0.082223333418369, 0, 0, 1, 0, 0, 0.082223333418369, 0, 0.99661386013031, 0, 0.091281428933144, 0, -0.022874603047967, 1, },
		{ 0.99637860059738, 0, -0.085027314722538, 0, 0, 1, 0, 0, 0.085027314722538, 0, 0.99637860059738, 0, 0.099866181612015, 0, -0.023302001878619, 1, },
		{ 0.99615406990051, 0, -0.087617926299572, 0, 0, 1, 0, 0, 0.087617926299572, 0, 0.99615406990051, 0, 0.10869506746531, 0, -0.023729400709271, 1, },
		{ 0.99594581127167, 0, -0.08995459228754, 0, 0, 1, 0, 0, 0.08995459228754, 0, 0.99594581127167, 0, 0.11773101240396, 0, -0.024156723171473, 1, },
		{ 0.99575930833817, 0, -0.091996796429157, 0, 0, 1, 0, 0, 0.091996796429157, 0, 0.99575930833817, 0, 0.12693649530411, 0, -0.024584122002125, 1, },
		{ 0.99560004472733, 0, -0.093704000115395, 0, 0, 1, 0, 0, 0.093704000115395, 0, 0.99560004472733, 0, 0.13627426326275, 0, -0.025011518970132, 1, },
		{ 0.99547272920609, 0, -0.095047123730183, 0, 0, 1, 0, 0, 0.095047123730183, 0, 0.99547272920609, 0, 0.14570784568787, 0, -0.025438917800784, 1, },
		{ 0.99537718296051, 0, -0.096042916178703, 0, 0, 1, 0, 0, 0.096042916178703, 0, 0.99537718296051, 0, 0.15520477294922, 0, -0.027595367282629, 1, },
		{ 0.9953116774559, 0, -0.096719428896904, 0, 0, 1, 0, 0, 0.096719428896904, 0, 0.9953116774559, 0, 0.16473357379436, 0, -0.030126113444567, 1, },
		{ 0.99527418613434, 0, -0.097104750573635, 0, 0, 1, 0, 0, 0.097104750573635, 0, 0.99527418613434, 0, 0.1742626875639, 0, -0.032447583973408, 1, },
		{ 0.99527424573898, 0, -0.097103670239449, 0, 0, 1, 0, 0, 0.097103670239449, 0, 0.99527424573898, 0, 0.18376067280769, 0, -0.033593367785215, 1, },
		{ 0.99527436494827, 0, -0.097102589905262, 0, 0, 1, 0, 0, 0.097102589905262, 0, 0.99527436494827, 0, 0.19319671392441, 0, -0.034739151597023, 1, },
		{ 0.99527442455292, 0, -0.097101517021656, 0, 0, 1, 0, 0, 0.097101517021656, 0, 0.99527442455292, 0, 0.2025428712368, 0, -0.034482724964619, 1, },
		{ 0.99530351161957, 0, -0.09680350869894, 0, 0, 1, 0, 0, 0.09680350869894, 0, 0.99530351161957, 0, 0.21177245676517, 0, -0.034226380288601, 1, },
		{ 0.99535977840424, 0, -0.096223168075085, 0, 0, 1, 0, 0, 0.096223168075085, 0, 0.99535977840424, 0, 0.22085769474506, 0, -0.033969953656197, 1, },
		{ 0.99545174837112, 0, -0.095266342163086, 0, 0, 1, 0, 0, 0.095266342163086, 0, 0.99545174837112, 0, 0.22977218031883, 0, -0.033713530749083, 1, },
		{ 0.99559491872787, 0, -0.093758106231689, 0, 0, 1, 0, 0, 0.093758106231689, 0, 0.99559491872787, 0, 0.23847518861294, 0, -0.033457182347775, 1, },
		{ 0.99578881263733, 0, -0.091676905751228, 0, 0, 1, 0, 0, 0.091676905751228, 0, 0.99578881263733, 0, 0.24687270820141, 0, -0.03320075944066, 1, },
		{ 0.99601745605469, 0, -0.089158497750759, 0, 0, 1, 0, 0, 0.089158497750759, 0, 0.99601745605469, 0, 0.25485777854919, 0, -0.032944336533546, 1, },
		{ 0.99626582860947, 0, -0.086338669061661, 0, 0, 1, 0, 0, 0.086338669061661, 0, 0.99626582860947, 0, 0.2623228430748, 0, -0.032687988132238, 1, },
		{ 0.99651998281479, 0, -0.083353370428085, 0, 0, 1, 0, 0, 0.083353370428085, 0, 0.99651998281479, 0, 0.26916092634201, 0, -0.032431565225124, 1, },
		{ 0.99677044153214, 0, -0.080303810536861, 0, 0, 1, 0, 0, 0.080303810536861, 0, 0.99677044153214, 0, 0.27529707551003, 0, -0.031726378947496, 1, },
		{ 0.99701935052872, 0, -0.077152155339718, 0, 0, 1, 0, 0, 0.077152155339718, 0, 0.99701935052872, 0, 0.28078597784042, 0, -0.031021270900965, 1, },
		{ 0.99727118015289, 0, -0.07382557541132, 0, 0, 1, 0, 0, 0.07382557541132, 0, 0.99727118015289, 0, 0.28571456670761, 0, -0.030316084623337, 1, },
		{ 0.99752926826477, 0, -0.070251323282719, 0, 0, 1, 0, 0, 0.070251323282719, 0, 0.99752926826477, 0, 0.29017028212547, 0, -0.029021987691522, 1, },
		{ 0.99779599905014, 0, -0.066356465220451, 0, 0, 1, 0, 0, 0.066356465220451, 0, 0.99779599905014, 0, 0.29423978924751, 0, -0.027727965265512, 1, },
		{ 0.99807000160217, 0, -0.06209859251976, 0, 0, 1, 0, 0, 0.06209859251976, 0, 0.99807000160217, 0, 0.29796996712685, 0, -0.025705642998219, 1, },
		{ 0.99834221601486, 0, -0.057557351887226, 0, 0, 1, 0, 0, 0.057557351887226, 0, 0.99834221601486, 0, 0.30093809962273, 0, -0.023399429395795, 1, },
		{ 0.99860280752182, 0, -0.052843201905489, 0, 0, 1, 0, 0, 0.052843201905489, 0, 0.99860280752182, 0, 0.30390623211861, 0, -0.021110152825713, 1, },
		{ 0.99884408712387, 0, -0.048066589981318, 0, 0, 1, 0, 0, 0.048066589981318, 0, 0.99884408712387, 0, 0.30476820468903, 0, -0.019449234008789, 1, },
		{ 0.99906045198441, 0, -0.043338131159544, 0, 0, 1, 0, 0, 0.043338131159544, 0, 0.99906045198441, 0, 0.30563017725945, 0, -0.017788391560316, 1, },
		{ 0.99924886226654, 0, -0.038752123713493, 0, 0, 1, 0, 0, 0.038752123713493, 0, 0.99924886226654, 0, 0.30649214982986, 0, -0.018221892416477, 1, },
		{ 0.99941027164459, 0, -0.034337155520916, 0, 0, 1, 0, 0, 0.034337155520916, 0, 0.99941027164459, 0, 0.30735412240028, 0, -0.018655471503735, 1, },
		{ 0.99954670667648, 0, -0.03010536916554, 0, 0, 1, 0, 0, 0.03010536916554, 0, 0.99954670667648, 0, 0.30662474036217, 0, -0.019088974222541, 1, },
		{ 0.99966013431549, 0, -0.026068899780512, 0, 0, 1, 0, 0, 0.026068899780512, 0, 0.99966013431549, 0, 0.30589553713799, 0, -0.019522475078702, 1, },
		{ 0.99975264072418, 0, -0.022239869460464, 0, 0, 1, 0, 0, 0.022239869460464, 0, 0.99975264072418, 0, 0.30516615509987, 0, -0.019956054165959, 1, },
		{ 0.9998265504837, 0, -0.018624000251293, 0, 0, 1, 0, 0, 0.018624000251293, 0, 0.9998265504837, 0, 0.30443695187569, 0, -0.020389556884766, 1, },
		{ 0.99988442659378, 0, -0.015201510861516, 0, 0, 1, 0, 0, 0.015201510861516, 0, 0.99988442659378, 0, 0.30370756983757, 0, -0.020823057740927, 1, },
		{ 0.9999286532402, 0, -0.011946252547204, 0, 0, 1, 0, 0, 0.011946252547204, 0, 0.9999286532402, 0, 0.29960691928864, 0, -0.021256636828184, 1, },
		{ 0.99996095895767, 0, -0.0088320318609476, 0, 0, 1, 0, 0, 0.0088320318609476, 0, 0.99996095895767, 0, 0.29462903738022, 0, -0.02169013954699, 1, },
		{ 0.99998301267624, 0, -0.0058326511643827, 0, 0, 1, 0, 0, 0.0058326511643827, 0, 0.99998301267624, 0, 0.28921416401863, 0, -0.023903274908662, 1, },
		{ 0.99999570846558, 0, -0.0029220008291304, 0, 0, 1, 0, 0, 0.0029220008291304, 0, 0.99999570846558, 0, 0.28371292352676, 0, -0.026064375415444, 1, },
		{ 1, 0, -7.4329196650069e-05, 0, 0, 1, 0, 0, 7.4329196650069e-05, 0, 1, 0, 0.27811676263809, 0, -0.02798530459404, 1, },
		{ 0.99999624490738, 0, 0.0027360187377781, 0, 0, 1, 0, 0, -0.0027360187377781, 0, 0.99999624490738, 0, 0.27232772111893, 0, -0.029906233772635, 1, },
		{ 0.99998468160629, 0, 0.0055347010493279, 0, 0, 1, 0, 0, -0.0055347010493279, 0, 0.99998468160629, 0, 0.26624724268913, 0, -0.03129730001092, 1, },
		{ 0.99996513128281, 0, 0.0083473781123757, 0, 0, 1, 0, 0, -0.0083473781123757, 0, 0.99996513128281, 0, 0.25977751612663, 0, -0.032688368111849, 1, },
		{ 0.99993741512299, 0, 0.011187775991857, 0, 0, 1, 0, 0, -0.011187775991857, 0, 0.99993741512299, 0, 0.25284317135811, 0, -0.032533951103687, 1, },
		{ 0.99990171194077, 0, 0.014021881856024, 0, 0, 1, 0, 0, -0.014021881856024, 0, 0.99990171194077, 0, 0.2454589754343, 0, -0.032379455864429, 1, },
		{ 0.99985879659653, 0, 0.016803773120046, 0, 0, 1, 0, 0, -0.016803773120046, 0, 0.99985879659653, 0, 0.23766295611858, 0, -0.032225035130978, 1, },
		{ 0.99981009960175, 0, 0.019487529993057, 0, 0, 1, 0, 0, -0.019487529993057, 0, 0.99981009960175, 0, 0.22949324548244, 0, -0.03207053989172, 1, },
		{ 0.99975734949112, 0, 0.022027231752872, 0, 0, 1, 0, 0, -0.022027231752872, 0, 0.99975734949112, 0, 0.22098724544048, 0, -0.031916122883558, 1, },
		{ 0.99970269203186, 0, 0.024381013587117, 0, 0, 1, 0, 0, -0.024381013587117, 0, 0.99970269203186, 0, 0.21217972040176, 0, -0.0317616276443, 1, },
		{ 0.99964821338654, 0, 0.026523085311055, 0, 0, 1, 0, 0, -0.026523085311055, 0, 0.99964821338654, 0, 0.20309081673622, 0, -0.031607206910849, 1, },
		{ 0.99959576129913, 0, 0.028431685641408, 0, 0, 1, 0, 0, -0.028431685641408, 0, 0.99959576129913, 0, 0.19373778998852, 0, -0.031452711671591, 1, },
		{ 0.99954736232758, 0, 0.030085068196058, 0, 0, 1, 0, 0, -0.030085068196058, 0, 0.99954736232758, 0, 0.18413756787777, 0, -0.031298294663429, 1, },
		{ 0.99950498342514, 0, 0.031461488455534, 0, 0, 1, 0, 0, -0.031461488455534, 0, 0.99950498342514, 0, 0.17430740594864, 0, -0.031143797561526, 1, },
		{ 0.99947017431259, 0, 0.032548047602177, 0, 0, 1, 0, 0, -0.032548047602177, 0, 0.99947017431259, 0, 0.16427260637283, 0, -0.03098937869072, 1, },
		{ 0.99944311380386, 0, 0.03336725383997, 0, 0, 1, 0, 0, -0.03336725383997, 0, 0.99944311380386, 0, 0.15409377217293, 0, -0.030834883451462, 1, },
		{ 0.99942350387573, 0, 0.033950425684452, 0, 0, 1, 0, 0, -0.033950425684452, 0, 0.99942350387573, 0, 0.14383971691132, 0, -0.030680464580655, 1, },
		{ 0.99941056966782, 0, 0.034328911453485, 0, 0, 1, 0, 0, -0.034328911453485, 0, 0.99941056966782, 0, 0.133579403162, 0, -0.030525969341397, 1, },
		{ 0.99940353631973, 0, 0.034534018486738, 0, 0, 1, 0, 0, -0.034534018486738, 0, 0.99940353631973, 0, 0.12338134646416, 0, -0.030371550470591, 1, },
		{ 0.99939984083176, 0, 0.034638855606318, 0, 0, 1, 0, 0, -0.034638855606318, 0, 0.99939984083176, 0, 0.11331817507744, 0, -0.030217055231333, 1, },
		{ 0.99939823150635, 0, 0.034686960279942, 0, 0, 1, 0, 0, -0.034686960279942, 0, 0.99939823150635, 0, 0.10347548872232, 0, -0.030062636360526, 1, },
		{ 0.99939656257629, 0, 0.034735064953566, 0, 0, 1, 0, 0, -0.034735064953566, 0, 0.99939656257629, 0, 0.093942105770111, 0, -0.028264693915844, 1, },
		{ 0.99939632415771, 0, 0.034741938114166, 0, 0, 1, 0, 0, -0.034741938114166, 0, 0.99939632415771, 0, 0.084806367754936, 0, -0.026466749608517, 1, },
		{ 0.99939608573914, 0, 0.034748815000057, 0, 0, 1, 0, 0, -0.034748815000057, 0, 0.99939608573914, 0, 0.076157987117767, 0, -0.024520797654986, 1, },
		{ 0.99941158294678, 0, 0.034299112856388, 0, 0, 1, 0, 0, -0.034299112856388, 0, 0.99941158294678, 0, 0.068061366677284, 0, -0.022574920207262, 1, },
		{ 0.99945163726807, 0, 0.033111788332462, 0, 0, 1, 0, 0, -0.033111788332462, 0, 0.99945163726807, 0, 0.060486145317554, 0, -0.020704878494143, 1, },
		{ 0.9995059967041, 0, 0.031429443508387, 0, 0, 1, 0, 0, -0.031429443508387, 0, 0.9995059967041, 0, 0.053377989679575, 0, -0.018834915012121, 1, },
		{ 0.99956494569778, 0, 0.029494758695364, 0, 0, 1, 0, 0, -0.029494758695364, 0, 0.99956494569778, 0, 0.046682585030794, 0, -0.016868209466338, 1, },
		{ 0.99962037801743, 0, 0.027550421655178, 0, 0, 1, 0, 0, -0.027550421655178, 0, 0.99962037801743, 0, 0.040345456451178, 0, -0.014901503920555, 1, },
		{ 0.99966812133789, 0, 0.025759244337678, 0, 0, 1, 0, 0, -0.025759244337678, 0, 0.99966812133789, 0, 0.034323271363974, 0, -0.012765502557158, 1, },
		{ 0.99971276521683, 0, 0.023964211344719, 0, 0, 1, 0, 0, -0.023964211344719, 0, 0.99971276521683, 0, 0.028616789728403, 0, -0.01057243347168, 1, },
		{ 0.99975949525833, 0, 0.021928310394287, 0, 0, 1, 0, 0, -0.021928310394287, 0, 0.99975949525833, 0, 0.023238219320774, 0, -0.0084086610004306, 1, },
		{ 0.99981147050858, 0, 0.019414499402046, 0, 0, 1, 0, 0, -0.019414499402046, 0, 0.99981147050858, 0, 0.018199004232883, 0, -0.0064620207995176, 1, },
		{ 0.99986892938614, 0, 0.016185684129596, 0, 0, 1, 0, 0, -0.016185684129596, 0, 0.99986892938614, 0, 0.013511657714844, 0, -0.0045153046958148, 1, },
		{ 0.99992603063583, 0, 0.012156555429101, 0, 0, 1, 0, 0, -0.012156555429101, 0, 0.99992603063583, 0, 0.0092214960604906, 0, -0.0031030273530632, 1, },
		{ 0.99996912479401, 0, 0.0078492844477296, 0, 0, 1, 0, 0, -0.0078492844477296, 0, 0.99996912479401, 0, 0.005509948823601, 0, -0.0016907501267269, 1, },
		{ 0.99999225139618, 0, 0.0039379927329719, 0, 0, 1, 0, 0, -0.0039379927329719, 0, 0.99999225139618, 0, 0.0025924681685865, 0, -0.0011271666735411, 1, },
		{ 0.99999940395355, 0, 0.0010968493297696, 0, 0, 1, 0, 0, -0.0010968493297696, 0, 0.99999940395355, 0, 0.0012962340842932, 0, -0.00056358333677053, 1, },
		{ 1, 0, 0, 0, 0, 1, 0, 0, 0, 0, 1, 0, 0, 0, 0, 1, },
	},
}
end
