function data()
return {
	times = { 0, 41.667, 83.333, 125, 166.667, 208.333, 250, 291.667, 333.333, 375, 416.667, 458.333, 500, 541.667, 583.333, 625, 666.667, 708.333, 750, 791.667, 833.333, 875, 916.667, 958.333, 1000, 1041.667, 1083.333, 1125, 1166.667, 1208.333, 1250, 1291.667, 1333.333, 1375, 1416.667, 1458.333, 1500, 1541.667, 1583.333, 1625, 1666.667, 1708.333, 1750, 1791.667, 1833.333, 1875, 1916.667, 1958.333, 2000, 2041.667, },
	transfs = {
		{ 1, 0, -1.4745467069588e-08, 0, 0, 1, 0, 0, -3.2117954962274e-09, 8.8817841970013e-16, 1, 0, -0.007725219707936, -4.7683714754498e-09, 0.0030588721856475, 1, },
		{ 0.99999690055847, 1.9085176147793e-11, -0.0024660013150424, 0, -1.9277024421172e-11, 1, -7.9282351517218e-11, 0, 0.0024660034105182, 7.9328543733936e-11, 0.99999690055847, 0, -0.007725219707936, -4.7683714754498e-09, 0.0030588721856475, 1, },
		{ 0.99995219707489, 7.4500405844447e-11, -0.0097753778100014, 0, -7.7573503176609e-11, 1, -3.1399594035975e-10, 0, 0.0097753712907434, 3.1473934569703e-10, 0.99995219707489, 0, -0.007725219707936, -4.7683714754498e-09, 0.0030588721856475, 1, },
		{ 0.99976247549057, 1.618865042019e-10, -0.021794160827994, 0, -1.7715962030707e-10, 1, -6.9903277610806e-10, 0, 0.02179416641593, 7.0272765384516e-10, 0.99976247549057, 0, -0.007725219707936, -4.7683714754498e-09, 0.0030588721856475, 1, },
		{ 0.999263048172, 2.7486990461512e-10, -0.038384780287743, 0, -3.2227021051767e-10, 1, -1.2286882622448e-09, 0, 0.038384772837162, 1.2401528692862e-09, 0.999263048172, 0, -0.007725219707936, -4.7683714754498e-09, 0.0030588721856475, 1, },
		{ 0.99823409318924, 4.0526870748181e-10, -0.059402901679277, 0, -5.1884541107938e-10, 1, -1.8966090920003e-09, 0, 0.059402909129858, 1.9240795623432e-09, 0.99823409318924, 0, -0.007725219707936, -4.7683714754498e-09, 0.0030588721856475, 1, },
		{ 0.99642640352249, 5.4208015853874e-10, -0.084465347230434, 0, -7.7192296998874e-10, 1, -2.6885338400007e-09, 0, 0.084465354681015, 2.7441258154681e-09, 0.99642640352249, 0, -0.007725219707936, -4.7683714754498e-09, 0.0030588721856475, 1, },
		{ 0.99367797374725, 6.699529819798e-10, -0.11226804554462, 0, -1.0765717206596e-09, 1, -3.561264172447e-09, 0, 0.11226806044579, 3.6596143893064e-09, 0.99367797374725, 0, -0.007725219707936, -4.7683714754498e-09, 0.0030588721856475, 1, },
		{ 0.98996961116791, 7.7636386208724e-10, -0.14127993583679, 0, -1.4214904808796e-09, 1, -4.4654160369362e-09, 0, 0.14127995073795, 4.6214543303336e-09, 0.98996961116791, 0, -0.007725219707936, -4.7683714754498e-09, 0.0030588721856475, 1, },
		{ 0.98544722795486, 8.54178949794e-10, -0.16998183727264, 0, -1.7901840010381e-09, 1, -5.3532662747102e-09, 0, 0.16998183727264, 5.5796589570889e-09, 0.98544710874557, 0, -0.007725219707936, -4.7683714754498e-09, 0.0030588721856475, 1, },
		{ 0.98042750358582, 9.0197710411744e-10, -0.19688047468662, 0, -2.1608421718611e-09, 1, -6.1792571059982e-09, 0, 0.1968804448843, 6.4837397673045e-09, 0.98042750358582, 0, -0.007725219707936, -4.7683714754498e-09, 0.0030588721856475, 1, },
		{ 0.97535753250122, 9.2366286841283e-10, -0.22063015401363, 0, -2.5086226429494e-09, 1, -6.9035896999026e-09, 0, 0.22063015401363, 7.2869448253243e-09, 0.97535753250122, 0, -0.007725219707936, -4.7683714754498e-09, 0.0030588721856475, 1, },
		{ 0.97068113088608, 9.268283918118e-10, -0.24037079513073, 0, -2.8125590745276e-09, 1, -7.5020567535944e-09, 0, 0.24037079513073, 7.9581603529277e-09, 0.97068113088608, 0, -0.007725219707936, -4.7683714754498e-09, 0.0030588721856475, 1, },
		{ 0.96684259176254, 9.2007823582207e-10, -0.25537306070328, 0, -3.0526958738619e-09, 1, -7.9546573772404e-09, 0, 0.25537306070328, 8.4704776526223e-09, 0.96684259176254, 0, -0.010987243615091, -4.7683714754498e-09, 0.0043503949418664, 1, },
		{ 0.96427220106125, 9.1162277726653e-10, -0.26491343975067, 0, -3.2095659463494e-09, 1, -8.2414741697789e-09, 0, 0.26491343975067, 8.7972802376157e-09, 0.96427220106125, 0, -0.014249267056584, -4.7683714754498e-09, 0.0056419181637466, 1, },
		{ 0.96334654092789, 9.0788532247643e-10, -0.26825985312462, 0, -3.2653630910318e-09, 1, -8.3418916219102e-09, 0, 0.26825985312462, 8.9120977264656e-09, 0.96334648132324, 0, -0.017097778618336, -4.7683714754498e-09, 0.0067697521299124, 1, },
		{ 0.9638244509697, 9.0986063128184e-10, -0.2665379345417, 0, -3.2366018754004e-09, 1, -8.2902333886636e-09, 0, 0.2665379345417, 8.8530054398461e-09, 0.9638244509697, 0, -0.019946288317442, -4.7683714754498e-09, 0.0078976061195135, 1, },
		{ 0.96547055244446, 9.1592505802041e-10, -0.26051226258278, 0, -3.1367974884233e-09, 1, -8.1092563775087e-09, 0, 0.26051226258278, 8.6464213566728e-09, 0.96547043323517, 0, -0.022530211135745, -4.7683714754498e-09, 0.0089207263663411, 1, },
		{ 0.96853560209274, 9.2397556272772e-10, -0.24887506663799, 0, -2.9477094098951e-09, 1, -7.7588575564391e-09, 0, 0.24887505173683, 8.2483389007848e-09, 0.9685355424881, 0, -0.025114135816693, -4.7683714754498e-09, 0.0099437516182661, 1, },
		{ 0.97312366962433, 9.2691010422641e-10, -0.23028299212456, 0, -2.6555415644225e-09, 1, -7.1966406167689e-09, 0, 0.23028299212456, 7.6147470551291e-09, 0.97312366962433, 0, -0.027698058634996, -4.7683714754498e-09, 0.01096689235419, 1, },
		{ 0.97910696268082, 9.0980017963815e-10, -0.20334592461586, 0, -2.2535999733009e-09, 1, -6.3769087788046e-09, 0, 0.20334595441818, 6.7019350069586e-09, 0.97910690307617, 0, -0.031471252441406, -4.7683714754498e-09, 0.012460861355066, 1, },
		{ 0.98594379425049, 8.4755663598557e-10, -0.16707721352577, 0, -1.7516228467684e-09, 1, -5.2637183500792e-09, 0, 0.16707721352577, 5.482386988831e-09, 0.98594379425049, 0, -0.035244751721621, -4.7683714754498e-09, 0.013954943977296, 1, },
		{ 0.9924943447113, 7.098463483679e-10, -0.1222906857729, 0, -1.1925962439818e-09, 1, -3.8743777075467e-09, 0, 0.12229067832232, 3.9911398630466e-09, 0.99249428510666, 0, -0.039372555911541, -4.7683714754498e-09, 0.015589237213135, 1, },
		{ 0.99752366542816, 4.6742343329242e-10, -0.070330619812012, 0, -6.2669158751305e-10, 1, -2.2425084011957e-09, 0, 0.070330634713173, 2.2810309197041e-09, 0.99752366542816, 0, -0.043500058352947, -4.7683714754498e-09, 0.017223529517651, 1, },
		{ 0.99991989135742, 9.584510962668e-11, -0.012652900069952, 0, -1.0098943209469e-10, 1, -4.0628300723711e-10, 0, 0.012652890756726, 4.0752823338153e-10, 0.99991989135742, 0, -0.04264434799552, -4.7683714754498e-09, 0.01688470877707, 1, },
		{ 0.99879026412964, -4.2139802758356e-10, 0.04917399585247, 0, 3.4359004530415e-10, 1, 1.5908012684918e-09, 0, -0.049174018204212, -1.5719816559567e-09, 0.99879026412964, 0, -0.041788328438997, -4.7683714754498e-09, 0.016545753926039, 1, },
		{ 0.99359524250031, -1.0849028342363e-09, 0.11299726366997, 0, 6.7296923589311e-10, 1, 3.683708893476e-09, 0, -0.11299726366997, -3.5840714840418e-09, 0.99359524250031, 0, -0.04093261808157, -4.7683714754498e-09, 0.016206912696362, 1, },
		{ 0.98462581634521, -1.8531202128358e-09, 0.17467692494392, 0, 8.6428286749651e-10, 1, 5.7370392880784e-09, 0, -0.17467693984509, -5.4978648300619e-09, 0.98462581634521, 0, -0.040076293051243, -4.7683714754498e-09, 0.015867976471782, 1, },
		{ 0.97325283288956, -2.6471358438585e-09, 0.22973625361919, 0, 9.2681773367076e-10, 1, 7.5961592571616e-09, 0, -0.22973625361919, -7.1800605461192e-09, 0.97325283288956, 0, -0.039220578968525, -4.7683714754498e-09, 0.015529136173427, 1, },
		{ 0.96173697710037, -3.361577682881e-09, 0.27397438883781, 0, 9.0057378221431e-10, 1, 9.1083940390035e-09, 0, -0.27397438883781, -8.5131439675479e-09, 0.96173697710037, 0, -0.038364563137293, -4.7683714754498e-09, 0.01519020088017, 1, },
		{ 0.95284348726273, -3.8769503163394e-09, 0.30346202850342, 0, 8.4393292354434e-10, 1, 1.0125868143973e-08, 0, -0.30346205830574, -9.3922647437239e-09, 0.95284348726273, 0, -0.037508849054575, -4.7683714754498e-09, 0.014851359650493, 1, },
		{ 0.94729375839233, -4.1869134825845e-09, 0.32036626338959, 0, 7.9694473242853e-10, 1, 1.0712660092338e-08, 0, -0.32036629319191, -9.8927213088018e-09, 0.94729363918304, 0, -0.033728636801243, -4.7683714754498e-09, 0.013354567810893, 1, },
		{ 0.94378125667572, -4.3792454107461e-09, 0.33057057857513, 0, 7.6336093002283e-10, 1, 1.1068141958503e-08, 0, -0.33057057857513, -1.0193559774052e-08, 0.94378125667572, 0, -0.029948119074106, -4.7683714754498e-09, 0.011857795529068, 1, },
		{ 0.94193470478058, -4.479268511659e-09, 0.33579576015472, 0, 7.4462391808083e-10, 1, 1.1250541831487e-08, 0, -0.33579576015472, -1.0347234180585e-08, 0.94193470478058, 0, -0.025941466912627, -4.7683714754498e-09, 0.010271358303726, 1, },
		{ 0.94124728441238, -4.5163321971131e-09, 0.33771812915802, 0, 7.3746520001805e-10, 1, 1.1317712989012e-08, 0, -0.33771815896034, -1.0403709893581e-08, 0.94124722480774, 0, -0.021934814751148, -4.7683714754498e-09, 0.0086849210783839, 1, },
		{ 0.94114875793457, -4.5216328459219e-09, 0.33799251914024, 0, 7.3643130482637e-10, 1, 1.1327302651409e-08, 0, -0.33799254894257, -1.0411767448204e-08, 0.94114875793457, 0, -0.018270874395967, -4.7683714754498e-09, 0.0072343060746789, 1, },
		{ 0.94419902563095, -4.3565111518262e-09, 0.32937535643578, 0, 7.6749984145863e-10, 1, 1.1026454416196e-08, 0, -0.3293753862381, -1.0158373697777e-08, 0.94419902563095, 0, -0.014606933109462, -4.7683714754498e-09, 0.0057835960760713, 1, },
		{ 0.95191019773483, -3.9296366161068e-09, 0.30637702345848, 0, 8.3659656979762e-10, 1, 1.0226868241148e-08, 0, -0.30637702345848, -9.4787466764501e-09, 0.95191019773483, 0, -0.011608581058681, -4.7683714754498e-09, 0.0045964238233864, 1, },
		{ 0.9619454741478, -3.3491733830715e-09, 0.27324143052101, 0, 9.0157925569656e-10, 1, 9.0832008581287e-09, 0, -0.27324146032333, -8.4911953024402e-09, 0.9619454741478, 0, -0.0086102290078998, -4.7683714754498e-09, 0.0034092711284757, 1, },
		{ 0.97215908765793, -2.7179769546137e-09, 0.23432150483131, 0, 9.273043999336e-10, 1, 7.7521251640178e-09, 0, -0.23432150483131, -7.3190107308108e-09, 0.97215902805328, 0, -0.0065499874763191, -4.7683714754498e-09, 0.0025935363955796, 1, },
		{ 0.98096746206284, -2.1224089152838e-09, 0.19417195022106, 0, 8.9827878468896e-10, 1, 6.3924359139378e-09, 0, -0.1941719353199, -6.0963518677681e-09, 0.98096746206284, 0, -0.0044900509528816, -4.7683714754498e-09, 0.0017778968904167, 1, },
		{ 0.98763608932495, -1.6169785510556e-09, 0.15676380693913, 0, 8.2175688476127e-10, 1, 5.1375543819177e-09, 0, -0.15676380693913, -4.9452113515258e-09, 0.98763608932495, 0, -0.0024298094213009, -4.7683714754498e-09, 0.00096216198289767, 1, },
		{ 0.99239665269852, -1.2018830375382e-09, 0.12308065593243, 0, 7.1285199965132e-10, 1, 4.0173038229341e-09, 0, -0.1230806261301, -3.8990197737121e-09, 0.99239665269852, 0, -0.0024298094213009, -4.7683714754498e-09, 0.00096216198289767, 1, },
		{ 0.99563652276993, -8.6617291117363e-10, 0.093315981328487, 0, 5.8552274140311e-10, 1, 3.0348989987772e-09, 0, -0.093315981328487, -2.9670168544271e-09, 0.99563652276993, 0, -0.0024298094213009, -4.7683714754498e-09, 0.00096216198289767, 1, },
		{ 0.99771010875702, -5.9972649069095e-10, 0.067634619772434, 0, 4.5245227009438e-10, 1, 2.1928792115489e-09, 0, -0.067634612321854, -2.1572565955807e-09, 0.99771010875702, 0, -0.0024298094213009, -4.7683714754498e-09, 0.00096216198289767, 1, },
		{ 0.99893325567245, -3.9349501435026e-10, 0.046177953481674, 0, 3.2488500778527e-10, 1, 1.4933374536952e-09, 0, -0.046177942305803, -1.4767431721907e-09, 0.99893325567245, 0, -0.0024298094213009, -4.7683714754498e-09, 0.00096216198289767, 1, },
		{ 0.99957883358002, -2.3926816083986e-10, 0.029019670560956, 0, 2.1218582446636e-10, 1, 9.3652108290598e-10, 0, -0.029019670560956, -9.2996982337112e-10, 0.99957883358002, 0, -0.0024298094213009, -4.7683714754498e-09, 0.00096216198289767, 1, },
		{ 0.99987161159515, -1.2874323829237e-10, 0.016021024435759, 0, 1.2049028441652e-10, 1, 5.1622039975996e-10, 0, -0.016021013259888, -5.1422327507211e-10, 0.99987161159515, 0, -0.0024298094213009, -4.7683714754498e-09, 0.00096216198289767, 1, },
		{ 0.99997556209564, -5.5120349257143e-11, 0.0069855041801929, 0, 5.3553602524792e-11, 1, 2.2483703787657e-10, 0, -0.006985523737967, -2.2445778569136e-10, 0.99997556209564, 0, -0.0024298094213009, -4.7683714754498e-09, 0.00096216198289767, 1, },
		{ 0.99999856948853, -1.3365308859647e-11, 0.001712589408271, 0, 1.3276491017677e-11, 1, 5.5087490125061e-11, 0, -0.0017125939484686, -5.5064394016702e-11, 0.99999856948853, 0, -0.0024298094213009, -4.7683714754498e-09, 0.00096216198289767, 1, },
	},
}
end
