function data()
return {
	times = { 0, 41.667, 83.333, 125, 166.667, 208.333, 250, 291.667, 333.333, 375, 416.667, 458.333, 500, 541.667, 583.333, 625, 666.667, 708.333, 750, 791.667, 833.333, 875, 916.667, 958.333, 1000, 1041.667, 1083.333, 1125, 1166.667, 1208.333, 1250, 1291.667, 1333.333, 1375, 1416.667, 1458.333, 1500, 1541.667, 1583.333, 1625, 1666.667, 1708.333, 1750, 1791.667, 1833.333, 1875, 1916.667, 1958.333, 2000, 2041.667, 2083.333, },
	transfs = {
		{ 1, 0, -7.4505805969238e-09, 0, 0, 1, 0, 0, 7.4505805969238e-09, 0, 1, 0, 0, 0, 0, 1, },
		{ 0.99999707937241, 0, 0.0024179369211197, 0, 0, 1, 0, 0, -0.0024179369211197, 0, 0.99999707937241, 0, -0.00077911373227835, 0, -0.00098876946140081, 1, },
		{ 0.99996191263199, 0, 0.0087204501032829, 0, 0, 1, 0, 0, -0.0087204501032829, 0, 0.99996191263199, 0, -0.0015583800850436, 0, -0.0019774627871811, 1, },
		{ 0.9998471736908, 0, 0.017480336129665, 0, 0, 1, 0, 0, -0.017480336129665, 0, 0.9998471736908, 0, -0.0023374939337373, 0, -0.0029661559965461, 1, },
		{ 0.99962812662125, 0, 0.027269847691059, 0, 0, 1, 0, 0, -0.027269847691059, 0, 0.99962812662125, 0, -0.0057136532850564, 0, -0.0054728696122766, 1, },
		{ 0.99932765960693, 0, 0.036661665886641, 0, 0, 1, 0, 0, -0.036661665886641, 0, 0.99932765960693, 0, -0.011362914927304, 0, -0.0088635254651308, 1, },
		{ 0.99900847673416, 0, 0.044520057737827, 0, 0, 1, 0, 0, -0.044520057737827, 0, 0.99900847673416, 0, -0.020513458177447, 0, -0.013199309818447, 1, },
		{ 0.99870526790619, 0, 0.05087049677968, 0, 0, 1, 0, 0, -0.05087049677968, 0, 0.99870526790619, 0, -0.033310241997242, 0, -0.018079223111272, 1, },
		{ 0.99842911958694, 0, 0.056028377264738, 0, 0, 1, 0, 0, -0.056028377264738, 0, 0.99842911958694, 0, -0.048710327595472, 0, -0.022883681580424, 1, },
		{ 0.9981797337532, 0, 0.060308746993542, 0, 0, 1, 0, 0, -0.060308746993542, 0, 0.9981797337532, 0, -0.065670467913151, 0, -0.026994017884135, 1, },
		{ 0.99794816970825, 0, 0.064026385545731, 0, 0, 1, 0, 0, -0.064026385545731, 0, 0.99794816970825, 0, -0.083263240754604, 0, -0.028753204271197, 1, },
		{ 0.9977251291275, 0, 0.067412652075291, 0, 0, 1, 0, 0, -0.067412652075291, 0, 0.9977251291275, 0, -0.10038451850414, 0, -0.03045997582376, 1, },
		{ 0.99752116203308, 0, 0.07036654651165, 0, 0, 1, 0, 0, -0.07036654651165, 0, 0.99752116203308, 0, -0.11723297089338, 0, -0.032136458903551, 1, },
		{ 0.99735355377197, 0, 0.072704136371613, 0, 0, 1, 0, 0, -0.072704136371613, 0, 0.99735355377197, 0, -0.13426817953587, 0, -0.033833619207144, 1, },
		{ 0.99724018573761, 0, 0.074241533875465, 0, 0, 1, 0, 0, -0.074241533875465, 0, 0.99724018573761, 0, -0.15194930136204, 0, -0.03560272231698, 1, },
		{ 0.99719893932343, 0, 0.07479489594698, 0, 0, 1, 0, 0, -0.07479489594698, 0, 0.99719893932343, 0, -0.17073577642441, 0, -0.037494659423828, 1, },
		{ 0.99720031023026, 0, 0.074776276946068, 0, 0, 1, 0, 0, -0.074776276946068, 0, 0.99720031023026, 0, -0.19083632528782, 0, -0.039532773196697, 1, },
		{ 0.997210085392, 0, 0.074646070599556, 0, 0, 1, 0, 0, -0.074646070599556, 0, 0.997210085392, 0, -0.21188719570637, 0, -0.03778076171875, 1, },
		{ 0.99723637104034, 0, 0.074292600154877, 0, 0, 1, 0, 0, -0.074292600154877, 0, 0.99723637104034, 0, -0.2325894087553, 0, -0.034443207085133, 1, },
		{ 0.99728751182556, 0, 0.073604255914688, 0, 0, 1, 0, 0, -0.073604255914688, 0, 0.99728751182556, 0, -0.25181257724762, 0, -0.030199965462089, 1, },
		{ 0.99737060070038, 0, 0.0724693313241, 0, 0, 1, 0, 0, -0.0724693313241, 0, 0.99737060070038, 0, -0.2684263586998, 0, -0.025730894878507, 1, },
		{ 0.9975403547287, 0, 0.07009282708168, 0, 0, 1, 0, 0, -0.07009282708168, 0, 0.9975403547287, 0, -0.28153944015503, 0, -0.021630171686411, 1, },
		{ 0.99782681465149, 0, 0.065890215337276, 0, 0, 1, 0, 0, -0.065890215337276, 0, 0.99782681465149, 0, -0.29121467471123, 0, -0.018150024116039, 1, },
		{ 0.99819433689117, 0, 0.060065153986216, 0, 0, 1, 0, 0, -0.060065153986216, 0, 0.99819433689117, 0, -0.29775252938271, 0, -0.015457610599697, 1, },
		{ 0.99860399961472, 0, 0.05282136797905, 0, 0, 1, 0, 0, -0.05282136797905, 0, 0.99860399961472, 0, -0.30137741565704, 0, -0.014412841759622, 1, },
		{ 0.9990154504776, 0, 0.044362805783749, 0, 0, 1, 0, 0, -0.044362805783749, 0, 0.9990154504776, 0, -0.30156561732292, 0, -0.012985839508474, 1, },
		{ 0.99938994646072, 0, 0.034923978149891, 0, 0, 1, 0, 0, -0.034923978149891, 0, 0.99938994646072, 0, -0.30142584443092, 0, -0.014506378211081, 1, },
		{ 0.99969094991684, 0, 0.024859830737114, 0, 0, 1, 0, 0, -0.024859830737114, 0, 0.99969094991684, 0, -0.29799515008926, 0, -0.018053207546473, 1, },
		{ 0.99989402294159, 0, 0.014556132256985, 0, 0, 1, 0, 0, -0.014556132256985, 0, 0.99989402294159, 0, -0.29256522655487, 0, -0.022750549018383, 1, },
		{ 0.9999902844429, 0, 0.0043990090489388, 0, 0, 1, 0, 0, -0.0043990090489388, 0, 0.9999902844429, 0, -0.28537130355835, 0, -0.02760467492044, 1, },
		{ 0.9999862909317, 0, -0.0052251662127674, 0, 0, 1, 0, 0, 0.0052251662127674, 0, 0.9999862909317, 0, -0.27664840221405, 0, -0.031622465699911, 1, },
		{ 0.99990183115005, 0, -0.014012239873409, 0, 0, 1, 0, 0, 0.014012239873409, 0, 0.99990183115005, 0, -0.26657256484032, 0, -0.034063644707203, 1, },
		{ 0.99975818395615, 0, -0.021986968815327, 0, 0, 1, 0, 0, 0.021986968815327, 0, 0.99975818395615, 0, -0.25507843494415, 0, -0.035201109945774, 1, },
		{ 0.99957191944122, 0, -0.029256343841553, 0, 0, 1, 0, 0, 0.029256343841553, 0, 0.99957191944122, 0, -0.24204604327679, 0, -0.035528410226107, 1, },
		{ 0.99935436248779, 0, -0.035927474498749, 0, 0, 1, 0, 0, 0.035927474498749, 0, 0.99935436248779, 0, -0.22733962535858, 0, -0.035669401288033, 1, },
		{ 0.99911308288574, 0, -0.042107701301575, 0, 0, 1, 0, 0, 0.042107701301575, 0, 0.99911308288574, 0, -0.21084609627724, 0, -0.036052778363228, 1, },
		{ 0.99885529279709, 0, -0.047832168638706, 0, 0, 1, 0, 0, 0.047832168638706, 0, 0.99885529279709, 0, -0.19258269667625, 0, -0.03706031665206, 1, },
		{ 0.9986025094986, 0, -0.052848480641842, 0, 0, 1, 0, 0, 0.052848480641842, 0, 0.9986025094986, 0, -0.17315398156643, 0, -0.0383355692029, 1, },
		{ 0.99838364124298, 0, -0.056832544505596, 0, 0, 1, 0, 0, 0.056832544505596, 0, 0.99838364124298, 0, -0.15330871939659, 0, -0.039345853030682, 1, },
		{ 0.99823063611984, 0, -0.059460457414389, 0, 0, 1, 0, 0, 0.059460457414389, 0, 0.99823063611984, 0, -0.13379684090614, 0, -0.039557952433825, 1, },
		{ 0.99817365407944, 0, -0.060408405959606, 0, 0, 1, 0, 0, 0.060408405959606, 0, 0.99817365407944, 0, -0.11554183810949, 0, -0.036873396486044, 1, },
		{ 0.99820977449417, 0, -0.059809722006321, 0, 0, 1, 0, 0, 0.059809722006321, 0, 0.99820977449417, 0, -0.098719783127308, 0, -0.034348219633102, 1, },
		{ 0.99832665920258, 0, -0.057824909687042, 0, 0, 1, 0, 0, 0.057824909687042, 0, 0.99832665920258, 0, -0.08315048366785, 0, -0.031962431967258, 1, },
		{ 0.99853163957596, 0, -0.054170675575733, 0, 0, 1, 0, 0, 0.054170675575733, 0, 0.99853163957596, 0, -0.068481899797916, 0, -0.029676893725991, 1, },
		{ 0.99882006645203, 0, -0.048563115298748, 0, 0, 1, 0, 0, 0.048563115298748, 0, 0.99882006645203, 0, -0.0545887760818, 0, -0.025408629328012, 1, },
		{ 0.99917072057724, 0, -0.04071768373251, 0, 0, 1, 0, 0, 0.04071768373251, 0, 0.99917072057724, 0, -0.040973663330078, 0, -0.020422896370292, 1, },
		{ 0.99952900409698, 0, -0.030685566365719, 0, 0, 1, 0, 0, 0.030685566365719, 0, 0.99952900409698, 0, -0.027528228238225, 0, -0.014818954281509, 1, },
		{ 0.99980270862579, 0, -0.019862972199917, 0, 0, 1, 0, 0, 0.019862972199917, 0, 0.99980270862579, 0, -0.015124969184399, 0, -0.0091976160183549, 1, },
		{ 0.99995005130768, 0, -0.0099843740463257, 0, 0, 1, 0, 0, 0.0099843740463257, 0, 0.99995005130768, 0, -0.0048814392648637, 0, -0.004283981397748, 1, },
		{ 0.99999606609344, 0, -0.0027851164340973, 0, 0, 1, 0, 0, 0.0027851164340973, 0, 0.99999606609344, 0, 0.0020841979421675, 0, -0.00080352782970294, 1, },
		{ 1, 0, -7.4505805969238e-09, 0, 0, 1, 0, 0, 7.4505805969238e-09, 0, 1, 0, 0.0046545406803489, 0, 0.00051773071754724, 1, },
	},
}
end
