function data()
return {
	times = { 0, 41.667, 83.333, 125, 166.667, 208.333, 250, 291.667, 333.333, 375, 416.667, 458.333, 500, 541.667, 583.333, 625, 666.667, 708.333, 750, 791.667, 833.333, 875, 916.667, 958.333, 1000, 1041.667, 1083.333, 1125, 1166.667, 1208.333, 1250, 1291.667, 1333.333, 1375, 1416.667, 1458.333, 1500, 1541.667, 1583.333, 1625, 1666.667, 1708.333, 1750, 1791.667, 1833.333, 1875, 1916.667, 1958.333, 2000, 2041.667, 2083.333, 2125, 2166.667, 2208.333, 2250, 2291.667, 2333.333, 2375, 2416.667, 2458.333, 2500, 2541.667, 2583.333, 2625, 2666.667, 2708.333, 2750, 2791.667, 2833.333, 2875, 2916.667, 2958.333, 3000, 3041.667, 3083.333, 3125, 3166.667, 3208.333, 3250, 3291.667, 3333.333, 3375, 3416.667, 3458.333, 3500, 3541.667, 3583.333, 3625, 3666.667, 3708.333, 3750, 3791.667, 3833.333, 3875, 3916.667, 3958.333, 4000, 4041.667, 4083.333, 4125, 4166.667, },
	transfs = {
		{ 1, 0, -7.4505805969238e-09, 0, 0, 1, 0, 0, 7.4505805969238e-09, 0, 1, 0, 0, 0, 0, 1, },
		{ 0.99999916553497, 0, 0.0013206824660301, 0, 0, 1, 0, 0, -0.0013206824660301, 0, 0.99999916553497, 0, -0.00041702270391397, 0, -0.00032279966399074, 1, },
		{ 0.99998843669891, 0, 0.0048026815056801, 0, 0, 1, 0, 0, -0.0048026815056801, 0, 0.99998843669891, 0, -0.00083404540782794, 0, -0.00064559932798147, 1, },
		{ 0.99995267391205, 0, 0.0097261220216751, 0, 0, 1, 0, 0, -0.0097261220216751, 0, 0.99995267391205, 0, -0.0012509154621512, 0, -0.00096832273993641, 1, },
		{ 0.99988186359406, 0, 0.015370935201645, 0, 0, 1, 0, 0, -0.015370935201645, 0, 0.99988186359406, 0, -0.001667938195169, 0, -0.0012911986559629, 1, },
		{ 0.99977904558182, 0, 0.021017111837864, 0, 0, 1, 0, 0, -0.021017111837864, 0, 0.99977904558182, 0, -0.0020849609281868, 0, -0.0016139220679179, 1, },
		{ 0.99965977668762, 0, 0.026082590222359, 0, 0, 1, 0, 0, -0.026082590222359, 0, 0.99965977668762, 0, -0.0025019836612046, 0, -0.0019366454798728, 1, },
		{ 0.99953365325928, 0, 0.030536500737071, 0, 0, 1, 0, 0, -0.030536500737071, 0, 0.99953365325928, 0, -0.0029190063942224, 0, -0.0022595215123147, 1, },
		{ 0.99940514564514, 0, 0.034485775977373, 0, 0, 1, 0, 0, -0.034485775977373, 0, 0.99940514564514, 0, -0.0033360288944095, 0, -0.0025822448078543, 1, },
		{ 0.99927622079849, 0, 0.038037218153477, 0, 0, 1, 0, 0, -0.038037218153477, 0, 0.99927622079849, 0, -0.0072311400435865, 0, -0.0032919310033321, 1, },
		{ 0.99914681911469, 0, 0.041297785937786, 0, 0, 1, 0, 0, -0.041297785937786, 0, 0.99914681911469, 0, -0.011974487453699, 0, -0.0040959930047393, 1, },
		{ 0.99901592731476, 0, 0.044351544231176, 0, 0, 1, 0, 0, -0.044351544231176, 0, 0.99901592731476, 0, -0.017448730766773, 0, -0.0049813077785075, 1, },
		{ 0.99888575077057, 0, 0.047192059457302, 0, 0, 1, 0, 0, -0.047192059457302, 0, 0.99888575077057, 0, -0.023555144667625, 0, -0.0059370421804488, 1, },
		{ 0.99875962734222, 0, 0.049790173768997, 0, 0, 1, 0, 0, -0.049790173768997, 0, 0.99875962734222, 0, -0.03020004183054, 0, -0.0069526671431959, 1, },
		{ 0.99864101409912, 0, 0.052116818726063, 0, 0, 1, 0, 0, -0.052116818726063, 0, 0.99864101409912, 0, -0.037029266357422, 0, -0.010354842990637, 1, },
		{ 0.99853312969208, 0, 0.054142937064171, 0, 0, 1, 0, 0, -0.054142937064171, 0, 0.99853312969208, 0, -0.044140320271254, 0, -0.014415817335248, 1, },
		{ 0.99843806028366, 0, 0.05586813762784, 0, 0, 1, 0, 0, -0.05586813762784, 0, 0.99843806028366, 0, -0.051459960639477, 0, -0.018994139507413, 1, },
		{ 0.99835079908371, 0, 0.057407010346651, 0, 0, 1, 0, 0, -0.057407010346651, 0, 0.99835079908371, 0, -0.058974303305149, 0, -0.023651275783777, 1, },
		{ 0.99826371669769, 0, 0.058902777731419, 0, 0, 1, 0, 0, -0.058902777731419, 0, 0.99826371669769, 0, -0.066682890057564, 0, -0.02787384018302, 1, },
		{ 0.99816823005676, 0, 0.060498632490635, 0, 0, 1, 0, 0, -0.060498632490635, 0, 0.99816823005676, 0, -0.074586793780327, 0, -0.031148375943303, 1, },
		{ 0.99805510044098, 0, 0.062337692826986, 0, 0, 1, 0, 0, -0.062337692826986, 0, 0.99805510044098, 0, -0.082819670438766, 0, -0.031756665557623, 1, },
		{ 0.99791747331619, 0, 0.064503356814384, 0, 0, 1, 0, 0, -0.064503356814384, 0, 0.99791747331619, 0, -0.091059722006321, 0, -0.032365720719099, 1, },
		{ 0.99776357412338, 0, 0.06684036552906, 0, 0, 1, 0, 0, -0.06684036552906, 0, 0.99776357412338, 0, -0.09940642863512, 0, -0.032986603677273, 1, },
		{ 0.99760729074478, 0, 0.06913386285305, 0, 0, 1, 0, 0, -0.06913386285305, 0, 0.99760729074478, 0, -0.10798980295658, 0, -0.033633880317211, 1, },
		{ 0.99746417999268, 0, 0.071169175207615, 0, 0, 1, 0, 0, -0.071169175207615, 0, 0.99746417999268, 0, -0.11694046109915, 0, -0.034321900457144, 1, },
		{ 0.99735146760941, 0, 0.072731703519821, 0, 0, 1, 0, 0, -0.072731703519821, 0, 0.99735146760941, 0, -0.1263886988163, 0, -0.035065460950136, 1, },
		{ 0.99727946519852, 0, 0.073711469769478, 0, 0, 1, 0, 0, -0.073711469769478, 0, 0.99727946519852, 0, -0.13640853762627, 0, -0.035872422158718, 1, },
		{ 0.99723964929581, 0, 0.074249133467674, 0, 0, 1, 0, 0, -0.074249133467674, 0, 0.99723964929581, 0, -0.1469132900238, 0, -0.036140821874142, 1, },
		{ 0.99722051620483, 0, 0.074506029486656, 0, 0, 1, 0, 0, -0.074506029486656, 0, 0.99722051620483, 0, -0.15763016045094, 0, -0.036432798951864, 1, },
		{ 0.99721020460129, 0, 0.074643410742283, 0, 0, 1, 0, 0, -0.074643410742283, 0, 0.99721020460129, 0, -0.16835021972656, 0, -0.036725156009197, 1, },
		{ 0.99719679355621, 0, 0.074822597205639, 0, 0, 1, 0, 0, -0.074822597205639, 0, 0.99719679355621, 0, -0.17893446981907, 0, -0.036378629505634, 1, },
		{ 0.99717134237289, 0, 0.075161039829254, 0, 0, 1, 0, 0, -0.075161039829254, 0, 0.99717134237289, 0, -0.18913604319096, 0, -0.035989455878735, 1, },
		{ 0.99713802337646, 0, 0.075600974261761, 0, 0, 1, 0, 0, -0.075600974261761, 0, 0.99713802337646, 0, -0.19894576072693, 0, -0.03510894626379, 1, },
		{ 0.99710470438004, 0, 0.076040923595428, 0, 0, 1, 0, 0, -0.076040923595428, 0, 0.99710470438004, 0, -0.20828582346439, 0, -0.034176025539637, 1, },
		{ 0.99707877635956, 0, 0.07637932151556, 0, 0, 1, 0, 0, -0.07637932151556, 0, 0.99707877635956, 0, -0.21712416410446, 0, -0.033221434801817, 1, },
		{ 0.99706834554672, 0, 0.076514676213264, 0, 0, 1, 0, 0, -0.076514676213264, 0, 0.99706834554672, 0, -0.22543562948704, 0, -0.032208174467087, 1, },
		{ 0.9971034526825, 0, 0.07605667412281, 0, 0, 1, 0, 0, -0.07605667412281, 0, 0.9971034526825, 0, -0.23315963149071, 0, -0.031524963676929, 1, },
		{ 0.99719566106796, 0, 0.074838355183601, 0, 0, 1, 0, 0, -0.074838355183601, 0, 0.99719566106796, 0, -0.24036620557308, 0, -0.030784148722887, 1, },
		{ 0.99732512235641, 0, 0.073093295097351, 0, 0, 1, 0, 0, -0.073093295097351, 0, 0.99732512235641, 0, -0.24707075953484, 0, -0.030196838080883, 1, },
		{ 0.99747234582901, 0, 0.071055084466934, 0, 0, 1, 0, 0, -0.071055084466934, 0, 0.99747234582901, 0, -0.25333389639854, 0, -0.029560392722487, 1, },
		{ 0.99761962890625, 0, 0.068957440555096, 0, 0, 1, 0, 0, -0.068957440555096, 0, 0.99761962890625, 0, -0.25920578837395, 0, -0.028771361336112, 1, },
		{ 0.99775421619415, 0, 0.066980570554733, 0, 0, 1, 0, 0, -0.066980570554733, 0, 0.99775421619415, 0, -0.2647297680378, 0, -0.027943724766374, 1, },
		{ 0.99787938594818, 0, 0.065090283751488, 0, 0, 1, 0, 0, -0.065090283751488, 0, 0.99787938594818, 0, -0.27006742358208, 0, -0.026764830574393, 1, },
		{ 0.99800091981888, 0, 0.063198685646057, 0, 0, 1, 0, 0, -0.063198685646057, 0, 0.99800091981888, 0, -0.27532547712326, 0, -0.02557716332376, 1, },
		{ 0.99812436103821, 0, 0.061217900365591, 0, 0, 1, 0, 0, -0.061217900365591, 0, 0.99812436103821, 0, -0.28068220615387, 0, -0.024074859917164, 1, },
		{ 0.99825441837311, 0, 0.059059947729111, 0, 0, 1, 0, 0, -0.059059947729111, 0, 0.99825441837311, 0, -0.28627264499664, 0, -0.022341765463352, 1, },
		{ 0.99839407205582, 0, 0.056649100035429, 0, 0, 1, 0, 0, -0.056649100035429, 0, 0.99839407205582, 0, -0.29211655259132, 0, -0.020407561212778, 1, },
		{ 0.99854308366776, 0, 0.053958594799042, 0, 0, 1, 0, 0, -0.053958594799042, 0, 0.99854308366776, 0, -0.29772812128067, 0, -0.018475111573935, 1, },
		{ 0.99870002269745, 0, 0.050973944365978, 0, 0, 1, 0, 0, -0.050973944365978, 0, 0.99870002269745, 0, -0.30249458551407, 0, -0.016790084540844, 1, },
		{ 0.9988626241684, 0, 0.047680675983429, 0, 0, 1, 0, 0, -0.047680675983429, 0, 0.9988626241684, 0, -0.30560287833214, 0, -0.017404021695256, 1, },
		{ 0.99902868270874, 0, 0.044064238667488, 0, 0, 1, 0, 0, -0.044064238667488, 0, 0.99902868270874, 0, -0.30457931756973, 0, -0.017558364197612, 1, },
		{ 0.99919492006302, 0, 0.040119931101799, 0, 0, 1, 0, 0, -0.040119931101799, 0, 0.99919492006302, 0, -0.30355590581894, 0, -0.017712706699967, 1, },
		{ 0.9993559718132, 0, 0.035881876945496, 0, 0, 1, 0, 0, -0.035881876945496, 0, 0.9993559718132, 0, -0.30253234505653, 0, -0.017867049202323, 1, },
		{ 0.99950700998306, 0, 0.031394131481647, 0, 0, 1, 0, 0, -0.031394131481647, 0, 0.99950700998306, 0, -0.30150869488716, 0, -0.018021391704679, 1, },
		{ 0.99964338541031, 0, 0.026700735092163, 0, 0, 1, 0, 0, -0.026700735092163, 0, 0.99964338541031, 0, -0.29851189255714, 0, -0.017956238240004, 1, },
		{ 0.99976128339767, 0, 0.021845757961273, 0, 0, 1, 0, 0, -0.021845757961273, 0, 0.99976128339767, 0, -0.29553869366646, 0, -0.01789359934628, 1, },
		{ 0.99985748529434, 0, 0.016876392066479, 0, 0, 1, 0, 0, -0.016876392066479, 0, 0.99985748529434, 0, -0.29292404651642, 0, -0.017871016636491, 1, },
		{ 0.99992966651917, 0, 0.011851891875267, 0, 0, 1, 0, 0, -0.011851891875267, 0, 0.99992966651917, 0, -0.29004952311516, 0, -0.020183715969324, 1, },
		{ 0.9999765753746, 0, 0.006834655534476, 0, 0, 1, 0, 0, -0.006834655534476, 0, 0.9999765753746, 0, -0.28702369332314, 0, -0.022787779569626, 1, },
		{ 0.99999821186066, 0, 0.0018869786290452, 0, 0, 1, 0, 0, -0.0018869786290452, 0, 0.99999821186066, 0, -0.28353774547577, 0, -0.025243071839213, 1, },
		{ 0.99999558925629, 0, -0.0029287487268448, 0, 0, 1, 0, 0, 0.0029287487268448, 0, 0.99999558925629, 0, -0.27934095263481, 0, -0.027115324512124, 1, },
		{ 0.99997138977051, 0, -0.0075566093437374, 0, 0, 1, 0, 0, 0.0075566093437374, 0, 0.99997138977051, 0, -0.27429810166359, 0, -0.027774810791016, 1, },
		{ 0.99992835521698, 0, -0.011966235935688, 0, 0, 1, 0, 0, 0.011966235935688, 0, 0.99992835521698, 0, -0.26845076680183, 0, -0.028344955295324, 1, },
		{ 0.99986976385117, 0, -0.016133902594447, 0, 0, 1, 0, 0, 0.016133902594447, 0, 0.99986976385117, 0, -0.26212140917778, 0, -0.02825859002769, 1, },
		{ 0.99979919195175, 0, -0.02003575116396, 0, 0, 1, 0, 0, 0.02003575116396, 0, 0.99979919195175, 0, -0.25550079345703, 0, -0.028139799833298, 1, },
		{ 0.99972027540207, 0, -0.023647939786315, 0, 0, 1, 0, 0, 0.023647939786315, 0, 0.99972027540207, 0, -0.24884475767612, 0, -0.028017120435834, 1, },
		{ 0.99963617324829, 0, -0.026971040293574, 0, 0, 1, 0, 0, 0.026971040293574, 0, 0.99963617324829, 0, -0.24233047664165, 0, -0.027910156175494, 1, },
		{ 0.99954670667648, 0, -0.030102737247944, 0, 0, 1, 0, 0, 0.030102737247944, 0, 0.99954670667648, 0, -0.23572342097759, 0, -0.028656844049692, 1, },
		{ 0.99944984912872, 0, -0.033164866268635, 0, 0, 1, 0, 0, 0.033164866268635, 0, 0.99944984912872, 0, -0.22889937460423, 0, -0.029379270970821, 1, },
		{ 0.9993417263031, 0, -0.036279447376728, 0, 0, 1, 0, 0, 0.036279447376728, 0, 0.9993417263031, 0, -0.22158141434193, 0, -0.030568465590477, 1, },
		{ 0.9992168545723, 0, -0.039568319916725, 0, 0, 1, 0, 0, 0.039568319916725, 0, 0.9992168545723, 0, -0.21360854804516, 0, -0.031684570014477, 1, },
		{ 0.99907124042511, 0, -0.043089389801025, 0, 0, 1, 0, 0, 0.043089389801025, 0, 0.99907124042511, 0, -0.20480972528458, 0, -0.032946776598692, 1, },
		{ 0.99891144037247, 0, -0.046645827591419, 0, 0, 1, 0, 0, 0.046645827591419, 0, 0.99891144037247, 0, -0.19536681473255, 0, -0.034146651625633, 1, },
		{ 0.99875032901764, 0, -0.049977131187916, 0, 0, 1, 0, 0, 0.049977131187916, 0, 0.99875032901764, 0, -0.18552643060684, 0, -0.035172041505575, 1, },
		{ 0.99860382080078, 0, -0.052822951227427, 0, 0, 1, 0, 0, 0.052822951227427, 0, 0.99860382080078, 0, -0.17555662989616, 0, -0.035707853734493, 1, },
		{ 0.99849057197571, 0, -0.054923132061958, 0, 0, 1, 0, 0, 0.054923132061958, 0, 0.99849057197571, 0, -0.16563721001148, 0, -0.036249235272408, 1, },
		{ 0.99841624498367, 0, -0.056257430464029, 0, 0, 1, 0, 0, 0.056257430464029, 0, 0.99841624498367, 0, -0.15614852309227, 0, -0.034982908517122, 1, },
		{ 0.9983703494072, 0, -0.057066719979048, 0, 0, 1, 0, 0, 0.057066719979048, 0, 0.9983703494072, 0, -0.14684356749058, 0, -0.033737029880285, 1, },
		{ 0.99834650754929, 0, -0.057482246309519, 0, 0, 1, 0, 0, 0.057482246309519, 0, 0.99834650754929, 0, -0.13762511312962, 0, -0.032500762492418, 1, },
		{ 0.9983491897583, 0, -0.057436380535364, 0, 0, 1, 0, 0, 0.057436380535364, 0, 0.9983491897583, 0, -0.12839537858963, 0, -0.03126335144043, 1, },
		{ 0.99835181236267, 0, -0.057390499860048, 0, 0, 1, 0, 0, 0.057390499860048, 0, 0.99835181236267, 0, -0.11905746161938, 0, -0.030013808980584, 1, },
		{ 0.99835443496704, 0, -0.057344637811184, 0, 0, 1, 0, 0, 0.057344637811184, 0, 0.99835443496704, 0, -0.10955581068993, 0, -0.028746107593179, 1, },
		{ 0.99840444326401, 0, -0.056467059999704, 0, 0, 1, 0, 0, 0.056467059999704, 0, 0.99840444326401, 0, -0.10000549256802, 0, -0.027472991496325, 1, },
		{ 0.99847996234894, 0, -0.055114895105362, 0, 0, 1, 0, 0, 0.055114895105362, 0, 0.99847996234894, 0, -0.090562894940376, 0, -0.026211699470878, 1, },
		{ 0.99857431650162, 0, -0.05337854847312, 0, 0, 1, 0, 0, 0.05337854847312, 0, 0.99857431650162, 0, -0.081386260688305, 0, -0.02498016320169, 1, },
		{ 0.99868077039719, 0, -0.051348462700844, 0, 0, 1, 0, 0, 0.051348462700844, 0, 0.99868077039719, 0, -0.0726318359375, 0, -0.023795623332262, 1, },
		{ 0.99879324436188, 0, -0.049112387001514, 0, 0, 1, 0, 0, 0.049112387001514, 0, 0.99879324436188, 0, -0.06441955268383, 0, -0.022671278566122, 1, },
		{ 0.99890661239624, 0, -0.046747975051403, 0, 0, 1, 0, 0, 0.046747975051403, 0, 0.99890661239624, 0, -0.056718595325947, 0, -0.021603850647807, 1, },
		{ 0.99901688098907, 0, -0.044330194592476, 0, 0, 1, 0, 0, 0.044330194592476, 0, 0.99901688098907, 0, -0.049577634781599, 0, -0.019532622769475, 1, },
		{ 0.9991203546524, 0, -0.041934221982956, 0, 0, 1, 0, 0, 0.041934221982956, 0, 0.9991203546524, 0, -0.042811125516891, 0, -0.01750305108726, 1, },
		{ 0.99921423196793, 0, -0.039635203778744, 0, 0, 1, 0, 0, 0.039635203778744, 0, 0.99921423196793, 0, -0.036262359470129, 0, -0.016301268711686, 1, },
		{ 0.99929869174957, 0, -0.037442043423653, 0, 0, 1, 0, 0, 0.037442043423653, 0, 0.99929869174957, 0, -0.029979553073645, 0, -0.015129089355469, 1, },
		{ 0.99938380718231, 0, -0.035099186003208, 0, 0, 1, 0, 0, 0.035099186003208, 0, 0.99938380718231, 0, -0.024035185575485, 0, -0.013994674198329, 1, },
		{ 0.99947869777679, 0, -0.032284840941429, 0, 0, 1, 0, 0, 0.032284840941429, 0, 0.99947869777679, 0, -0.018529357388616, 0, -0.012909088283777, 1, },
		{ 0.99958872795105, 0, -0.02867710404098, 0, 0, 1, 0, 0, 0.02867710404098, 0, 0.99958872795105, 0, -0.01356338430196, 0, -0.011883468367159, 1, },
		{ 0.99971294403076, 0, -0.023953758180141, 0, 0, 1, 0, 0, 0.023953758180141, 0, 0.99971294403076, 0, -0.0092378230765462, 0, -0.010929031297565, 1, },
		{ 0.99983763694763, 0, -0.018014056608081, 0, 0, 1, 0, 0, 0.018014056608081, 0, 0.99983763694763, 0, -0.0057853697799146, 0, -0.0087548829615116, 1, },
		{ 0.99993216991425, 0, -0.011642441153526, 0, 0, 1, 0, 0, 0.011642441153526, 0, 0.99993216991425, 0, -0.0035789487883449, 0, -0.0059587094001472, 1, },
		{ 0.99998295307159, 0, -0.0058452785015106, 0, 0, 1, 0, 0, 0.0058452785015106, 0, 0.99998295307159, 0, -0.0013829040108249, 0, -0.0030689239501953, 1, },
		{ 0.99999856948853, 0, -0.001629039645195, 0, 0, 1, 0, 0, 0.001629039645195, 0, 0.99999856948853, 0, -0.00069137569516897, 0, -0.0015345000429079, 1, },
		{ 1, 0, -7.4505805969238e-09, 0, 0, 1, 0, 0, 7.4505805969238e-09, 0, 1, 0, 0, 0, 0, 1, },
	},
}
end
