function data()
return {
	times = { 0, 41.667, 83.333, 125, 166.667, 208.333, 250, 291.667, 333.333, 375, 416.667, 458.333, 500, 541.667, 583.333, 625, 666.667, 708.333, 750, 791.667, 833.333, 875, 916.667, 958.333, 1000, 1041.667, 1083.333, 1125, 1166.667, 1208.333, 1250, 1291.667, 1333.333, 1375, 1416.667, 1458.333, 1500, 1541.667, 1583.333, 1625, 1666.667, 1708.333, 1750, 1791.667, 1833.333, 1875, 1916.667, 1958.333, 2000, 2041.667, },
	transfs = {
		{ 1, 0, 5.2286629886877e-11, 0, 0, 1, 0, 0, -5.2107623771391e-12, 0, 1, 0, -1.4495849427476e-06, 7.6293943607197e-08, 0.000432701112004, 1, },
		{ 1, 0, -1.214902204083e-05, 0, 0, 1, 0, 0, 1.2149027497799e-05, 0, 1, 0, -0.0022943115327507, 7.6293943607197e-08, 0.0004248428158462, 1, },
		{ 1, 0, -9.1202324256301e-05, 0, 0, 1, 0, 0, 9.1202258772682e-05, 0, 1, 0, -0.0089333346113563, 7.6293943607197e-08, 0.00040210722363554, 1, },
		{ 1, 0, -0.00030106899794191, 0, 0, 1, 0, 0, 0.00030106899794191, 0, 1, 0, -0.019562987610698, 7.6293943607197e-08, 0.0013770293444395, 1, },
		{ 0.99999970197678, 0, -0.00070565735222772, 0, 0, 1, 0, 0, 0.00070565717760473, 0, 0.99999970197678, 0, -0.03382408246398, 7.6293943607197e-08, 0.0032873535528779, 1, },
		{ 0.99999904632568, 0, -0.001368876779452, 0, 0, 1, 0, 0, 0.0013688770122826, 0, 0.99999904632568, 0, -0.051358565688133, 7.6293943607197e-08, 0.0064482116140425, 1, },
		{ 0.99999707937241, 0, -0.0023963383864611, 0, 0, 1, 0, 0, 0.0023963381536305, 0, 0.99999707937241, 0, -0.07182464748621, 7.6293943607197e-08, 0.011254767887294, 1, },
		{ 0.99999177455902, 0, -0.0040604663081467, 0, 0, 1, 0, 0, 0.0040604663081467, 0, 0.99999177455902, 0, -0.094945676624775, 7.6293943607197e-08, 0.018424566835165, 1, },
		{ 0.99997770786285, 0, -0.0066753709688783, 0, 0, 1, 0, 0, 0.0066753719002008, 0, 0.99997770786285, 0, -0.12046103924513, 7.6293943607197e-08, 0.028755491599441, 1, },
		{ 0.99994426965714, 0, -0.010555109009147, 0, 0, 1, 0, 0, 0.010555109009147, 0, 0.99994426965714, 0, -0.14811027050018, 7.6293943607197e-08, 0.043045729398727, 1, },
		{ 0.99987185001373, 0, -0.016013586893678, 0, 0, 1, 0, 0, 0.016013585031033, 0, 0.99987185001373, 0, -0.17763297259808, 7.6293943607197e-08, 0.062093239277601, 1, },
		{ 0.99972915649414, 0, -0.023271961137652, 0, 0, 1, 0, 0, 0.023271961137652, 0, 0.99972915649414, 0, -0.20830146968365, 7.6293943607197e-08, 0.086509056389332, 1, },
		{ 0.99948197603226, 0, -0.032181337475777, 0, 0, 1, 0, 0, 0.032181337475777, 0, 0.99948197603226, 0, -0.23752036690712, 7.6293943607197e-08, 0.11615588515997, 1, },
		{ 0.99909651279449, 0, -0.042499806731939, 0, 0, 1, 0, 0, 0.042499806731939, 0, 0.99909651279449, 0, -0.26222732663155, 7.6293943607197e-08, 0.15070964396, 1, },
		{ 0.99854171276093, 0, -0.053984813392162, 0, 0, 1, 0, 0, 0.053984813392162, 0, 0.99854171276093, 0, -0.27935934066772, 7.6293943607197e-08, 0.18984638154507, 1, },
		{ 0.99779349565506, 0, -0.066393218934536, 0, 0, 1, 0, 0, 0.066393218934536, 0, 0.99779349565506, 0, -0.28585410118103, 7.6293943607197e-08, 0.23324134945869, 1, },
		{ 0.99683821201324, 0, -0.079457893967628, 0, 0, 1, 0, 0, 0.079457893967628, 0, 0.99683821201324, 0, -0.28525656461716, 7.6293943607197e-08, 0.28029516339302, 1, },
		{ 0.99568319320679, 0, -0.092817112803459, 0, 0, 1, 0, 0, 0.092817112803459, 0, 0.99568319320679, 0, -0.28184029459953, 7.6293943607197e-08, 0.32939377427101, 1, },
		{ 0.9943568110466, 0, -0.10608666390181, 0, 0, 1, 0, 0, 0.10608666390181, 0, 0.99435693025589, 0, -0.27363723516464, 7.6293943607197e-08, 0.3786912560463, 1, },
		{ 0.99290812015533, 0, -0.11888430267572, 0, 0, 1, 0, 0, 0.11888430267572, 0, 0.99290812015533, 0, -0.25867834687233, 7.6293943607197e-08, 0.4263416826725, 1, },
		{ 0.99140471220016, 0, -0.13083030283451, 0, 0, 1, 0, 0, 0.13083030283451, 0, 0.99140471220016, 0, -0.2349958717823, 7.6293943607197e-08, 0.47049963474274, 1, },
		{ 0.98993253707886, 0, -0.14153979718685, 0, 0, 1, 0, 0, 0.14153976738453, 0, 0.98993253707886, 0, -0.20129981637001, 7.6293943607197e-08, 0.50942802429199, 1, },
		{ 0.98859488964081, 0, -0.1505990922451, 0, 0, 1, 0, 0, 0.1505990922451, 0, 0.98859488964081, 0, -0.15901558101177, 7.6293943607197e-08, 0.54182487726212, 1, },
		{ 0.98750478029251, 0, -0.15758879482746, 0, 0, 1, 0, 0, 0.15758879482746, 0, 0.98750478029251, 0, -0.11024795472622, 7.6293943607197e-08, 0.56649732589722, 1, },
		{ 0.98677587509155, 0, -0.16209048032761, 0, 0, 1, 0, 0, 0.16209048032761, 0, 0.98677587509155, 0, -0.057100754231215, 7.6293943607197e-08, 0.58225202560425, 1, },
		{ 0.98651266098022, 0, -0.16368472576141, 0, 0, 1, 0, 0, 0.16368472576141, 0, 0.98651266098022, 0, -0.0016786193009466, 7.6293943607197e-08, 0.58789640665054, 1, },
		{ 0.9867792725563, 0, -0.1620697081089, 0, 0, 1, 0, 0, 0.1620697081089, 0, 0.9867792725563, 0, 0.053900524973869, 7.6293943607197e-08, 0.58263283967972, 1, },
		{ 0.98751765489578, 0, -0.15750785171986, 0, 0, 1, 0, 0, 0.15750785171986, 0, 0.98751765489578, 0, 0.10746436566114, 7.6293943607197e-08, 0.56723648309708, 1, },
		{ 0.98862183094025, 0, -0.1504221111536, 0, 0, 1, 0, 0, 0.1504221111536, 0, 0.98862183094025, 0, 0.15682719647884, 7.6293943607197e-08, 0.54287225008011, 1, },
		{ 0.98997622728348, 0, -0.14123427867889, 0, 0, 1, 0, 0, 0.14123427867889, 0, 0.98997622728348, 0, 0.19980303943157, 7.6293943607197e-08, 0.5107057094574, 1, },
		{ 0.99146580696106, 0, -0.13036705553532, 0, 0, 1, 0, 0, 0.13036705553532, 0, 0.99146580696106, 0, 0.23420612514019, 7.6293943607197e-08, 0.47190168499947, 1, },
		{ 0.99298471212387, 0, -0.11824288964272, 0, 0, 1, 0, 0, 0.11824288964272, 0, 0.99298477172852, 0, 0.25854220986366, 7.6293943607197e-08, 0.42774602770805, 1, },
		{ 0.99444305896759, 0, -0.1052762940526, 0, 0, 1, 0, 0, 0.1052762940526, 0, 0.99444305896759, 0, 0.27408456802368, 7.6293943607197e-08, 0.38000723719597, 1, },
		{ 0.99576979875565, 0, -0.091882340610027, 0, 0, 1, 0, 0, 0.091882340610027, 0, 0.99576979875565, 0, 0.28279799222946, 7.6293943607197e-08, 0.33057409524918, 1, },
		{ 0.99691581726074, 0, -0.078478492796421, 0, 0, 1, 0, 0, 0.078478492796421, 0, 0.99691581726074, 0, 0.28664749860764, 7.6293943607197e-08, 0.28133568167686, 1, },
		{ 0.99785357713699, 0, -0.065484546124935, 0, 0, 1, 0, 0, 0.065484546124935, 0, 0.99785357713699, 0, 0.28759777545929, 7.6293943607197e-08, 0.23418079316616, 1, },
		{ 0.99857991933823, 0, -0.053274352103472, 0, 0, 1, 0, 0, 0.053274352103472, 0, 0.99857991933823, 0, 0.28137493133545, 7.6293943607197e-08, 0.19071598351002, 1, },
		{ 0.99911618232727, 0, -0.042034398764372, 0, 0, 1, 0, 0, 0.042034398764372, 0, 0.99911618232727, 0, 0.26444610953331, 7.6293943607197e-08, 0.15150608122349, 1, },
		{ 0.99949091672897, 0, -0.031903639435768, 0, 0, 1, 0, 0, 0.031903643161058, 0, 0.99949091672897, 0, 0.23988822102547, 7.6293943607197e-08, 0.11687774211168, 1, },
		{ 0.99973499774933, 0, -0.023020381107926, 0, 0, 1, 0, 0, 0.023020381107926, 0, 0.99973499774933, 0, 0.21077792346478, 7.6293943607197e-08, 0.087157286703587, 1, },
		{ 0.99987953901291, 0, -0.015522257424891, 0, 0, 1, 0, 0, 0.015522257424891, 0, 0.99987953901291, 0, 0.18019214272499, 7.6293943607197e-08, 0.062671318650246, 1, },
		{ 0.99995470046997, 0, -0.009512254036963, 0, 0, 1, 0, 0, 0.0095122531056404, 0, 0.99995470046997, 0, 0.15073272585869, 7.6293943607197e-08, 0.04355838522315, 1, },
		{ 0.99998766183853, 0, -0.00495660956949, 0, 0, 1, 0, 0, 0.00495660956949, 0, 0.99998766183853, 0, 0.12310153990984, 7.6293943607197e-08, 0.02920600771904, 1, },
		{ 0.99999839067459, 0, -0.0017871938180178, 0, 0, 1, 0, 0, 0.0017871941672638, 0, 0.99999839067459, 0, 0.097525633871555, 7.6293943607197e-08, 0.018813628703356, 1, },
		{ 1, 0, 6.4309882873204e-05, 0, 0, 1, 0, 0, -6.4310021116398e-05, 0, 1, 0, 0.074231870472431, 7.6293943607197e-08, 0.01158088631928, 1, },
		{ 0.99999970197678, 0, 0.00066627631895244, 0, 0, 1, 0, 0, -0.0006662763771601, 0, 0.99999970197678, 0, 0.053447265177965, 7.6293943607197e-08, 0.0067073819227517, 1, },
		{ 0.99999976158142, 0, 0.00059698370750993, 0, 0, 1, 0, 0, -0.00059698364930227, 0, 0.99999976158142, 0, 0.03543807938695, 7.6293943607197e-08, 0.0034749982878566, 1, },
		{ 0.99999988079071, 0, 0.0004317477287259, 0, 0, 1, 0, 0, -0.00043174769962206, 0, 0.99999988079071, 0, 0.020626753568649, 7.6293943607197e-08, 0.0014947509625927, 1, },
		{ 1, 0, 0.00023452905588783, 0, 0, 1, 0, 0, -0.00023452917230316, 0, 1, 0, 0.0094753261655569, 7.6293943607197e-08, 0.00045989989303052, 1, },
		{ 1, 0, 6.9292895204853e-05, 0, 0, 1, 0, 0, -6.9293033448048e-05, 0, 1, 0, 0.0024445343296975, 7.6293943607197e-08, 0.00043582916259766, 1, },
	},
}
end
