function data()
return {
	times = { 0, 41.667, 83.333, 125, 166.667, 208.333, 250, 291.667, 333.333, 375, 416.667, 458.333, 500, 541.667, 583.333, 625, 666.667, 708.333, 750, 791.667, 833.333, 875, 916.667, 958.333, 1000, 1041.667, 1083.333, 1125, 1166.667, 1208.333, 1250, 1291.667, 1333.333, 1375, 1416.667, 1458.333, 1500, 1541.667, 1583.333, 1625, 1666.667, 1708.333, 1750, 1791.667, 1833.333, 1875, 1916.667, 1958.333, 2000, 2041.667, 2083.333, },
	transfs = {
		{ 1, 0, 0, 0, 0, 1, 0, 0, 0, 0, 1, 0, 0, 7.6293943607197e-08, 0, 1, },
		{ 0.99999976158142, 0, -0.0006021095905453, 0, 0, 1, 0, 0, 0.0006021095905453, 0, 0.99999976158142, 0, -0.010976562276483, 7.6293943607197e-08, 0.002625007648021, 1, },
		{ 0.99999707937241, 0, -0.0024083773605525, 0, 0, 1, 0, 0, 0.0024083773605525, 0, 0.99999707937241, 0, -0.039711836725473, 7.6293943607197e-08, 0.010207328945398, 1, },
		{ 0.99998533725739, 0, -0.0054186880588531, 0, 0, 1, 0, 0, 0.0054186880588531, 0, 0.99998533725739, 0, -0.079914316534996, 7.6293943607197e-08, 0.022308081388474, 1, },
		{ 0.99995362758636, 0, -0.009632877074182, 0, 0, 1, 0, 0, 0.009632877074182, 0, 0.99995362758636, 0, -0.12529265880585, 7.6293943607197e-08, 0.03848835080862, 1, },
		{ 0.99988675117493, 0, -0.015050645917654, 0, 0, 1, 0, 0, 0.015050645917654, 0, 0.99988675117493, 0, -0.16955535113811, 7.6293943607197e-08, 0.058309208601713, 1, },
		{ 0.99976575374603, 0, -0.021642979234457, 0, 0, 1, 0, 0, 0.021642979234457, 0, 0.99976575374603, 0, -0.20740012824535, 7.6293943607197e-08, 0.081371881067753, 1, },
		{ 0.99957168102264, 0, -0.029266521334648, 0, 0, 1, 0, 0, 0.029266521334648, 0, 0.99957168102264, 0, -0.23748153448105, 7.6293943607197e-08, 0.10743873566389, 1, },
		{ 0.99928724765778, 0, -0.037749078124762, 0, 0, 1, 0, 0, 0.037749078124762, 0, 0.99928724765778, 0, -0.25944367051125, 7.6293943607197e-08, 0.13631202280521, 1, },
		{ 0.99889868497849, 0, -0.046918302774429, 0, 0, 1, 0, 0, 0.046918302774429, 0, 0.99889868497849, 0, -0.27292990684509, 7.6293943607197e-08, 0.1677943021059, 1, },
		{ 0.99839687347412, 0, -0.056601628661156, 0, 0, 1, 0, 0, 0.056601628661156, 0, 0.99839687347412, 0, -0.27758446335793, 7.6293943607197e-08, 0.20168803632259, 1, },
		{ 0.99777776002884, 0, -0.066629856824875, 0, 0, 1, 0, 0, 0.066629856824875, 0, 0.99777776002884, 0, -0.27731674909592, 7.6293943607197e-08, 0.23766112327576, 1, },
		{ 0.99704283475876, 0, -0.076847150921822, 0, 0, 1, 0, 0, 0.076847150921822, 0, 0.99704283475876, 0, -0.27705335617065, 7.6293943607197e-08, 0.27489829063416, 1, },
		{ 0.99619942903519, 0, -0.087101317942142, 0, 0, 1, 0, 0, 0.087101317942142, 0, 0.99619942903519, 0, -0.27679121494293, 7.6293943607197e-08, 0.31248161196709, 1, },
		{ 0.99526083469391, 0, -0.097240671515465, 0, 0, 1, 0, 0, 0.097240671515465, 0, 0.99526083469391, 0, -0.27652710676193, 7.6293943607197e-08, 0.3494924902916, 1, },
		{ 0.99424684047699, 0, -0.10711381584406, 0, 0, 1, 0, 0, 0.10711381584406, 0, 0.99424684047699, 0, -0.27625784277916, 7.6293943607197e-08, 0.38501310348511, 1, },
		{ 0.99318194389343, 0, -0.11657476425171, 0, 0, 1, 0, 0, 0.11657476425171, 0, 0.99318194389343, 0, -0.26996627449989, 7.6293943607197e-08, 0.41828879714012, 1, },
		{ 0.99209433794022, 0, -0.1254948079586, 0, 0, 1, 0, 0, 0.1254948079586, 0, 0.99209433794022, 0, -0.25451064109802, 7.6293943607197e-08, 0.44912710785866, 1, },
		{ 0.99101501703262, 0, -0.13375025987625, 0, 0, 1, 0, 0, 0.13375025987625, 0, 0.99101501703262, 0, -0.23185554146767, 7.6293943607197e-08, 0.47746139764786, 1, },
		{ 0.98997855186462, 0, -0.14121799170971, 0, 0, 1, 0, 0, 0.14121799170971, 0, 0.98997855186462, 0, -0.20396560430527, 7.6293943607197e-08, 0.5032245516777, 1, },
		{ 0.98902088403702, 0, -0.14777567982674, 0, 0, 1, 0, 0, 0.14777567982674, 0, 0.98902088403702, 0, -0.17280554771423, 7.6293943607197e-08, 0.52635014057159, 1, },
		{ 0.98817813396454, 0, -0.15330958366394, 0, 0, 1, 0, 0, 0.15330958366394, 0, 0.98817813396454, 0, -0.14005973935127, 7.6293943607197e-08, 0.54667371511459, 1, },
		{ 0.98748075962067, 0, -0.15773954987526, 0, 0, 1, 0, 0, 0.15773954987526, 0, 0.98748075962067, 0, -0.10629142820835, 7.6293943607197e-08, 0.56364142894745, 1, },
		{ 0.98695540428162, 0, -0.16099375486374, 0, 0, 1, 0, 0, 0.16099375486374, 0, 0.98695540428162, 0, -0.07178321480751, 7.6293943607197e-08, 0.57660210132599, 1, },
		{ 0.98662608861923, 0, -0.16299970448017, 0, 0, 1, 0, 0, 0.16299970448017, 0, 0.98662608861923, 0, -0.036818083375692, 7.6293943607197e-08, 0.58490407466888, 1, },
		{ 0.98651266098022, 0, -0.16368472576141, 0, 0, 1, 0, 0, 0.16368472576141, 0, 0.98651266098022, 0, -0.0016786956693977, 7.6293943607197e-08, 0.58789640665054, 1, },
		{ 0.98665022850037, 0, -0.16285371780396, 0, 0, 1, 0, 0, 0.16285371780396, 0, 0.98665022850037, 0, 0.033377304673195, 7.6293943607197e-08, 0.58533865213394, 1, },
		{ 0.98703950643539, 0, -0.16047690808773, 0, 0, 1, 0, 0, 0.16047690808773, 0, 0.98703950643539, 0, 0.068195343017578, 7.6293943607197e-08, 0.57765585184097, 1, },
		{ 0.98764169216156, 0, -0.15672817826271, 0, 0, 1, 0, 0, 0.15672817826271, 0, 0.98764169216156, 0, 0.10264831036329, 7.6293943607197e-08, 0.56519412994385, 1, },
		{ 0.98841416835785, 0, -0.15178072452545, 0, 0, 1, 0, 0, 0.15178072452545, 0, 0.98841416835785, 0, 0.136608466506, 7.6293943607197e-08, 0.54829978942871, 1, },
		{ 0.98931294679642, 0, -0.14580783247948, 0, 0, 1, 0, 0, 0.14580783247948, 0, 0.98931294679642, 0, 0.16994880139828, 7.6293943607197e-08, 0.52731931209564, 1, },
		{ 0.99029636383057, 0, -0.13897202908993, 0, 0, 1, 0, 0, 0.13897202908993, 0, 0.99029636383057, 0, 0.20217433571815, 7.6293943607197e-08, 0.50264585018158, 1, },
		{ 0.99133050441742, 0, -0.13139222562313, 0, 0, 1, 0, 0, 0.13139222562313, 0, 0.99133050441742, 0, 0.23132140934467, 7.6293943607197e-08, 0.4748620390892, 1, },
		{ 0.99238473176956, 0, -0.12317692488432, 0, 0, 1, 0, 0, 0.12317692488432, 0, 0.99238473176956, 0, 0.25505954027176, 7.6293943607197e-08, 0.44459661841393, 1, },
		{ 0.99343079328537, 0, -0.11443503946066, 0, 0, 1, 0, 0, 0.11443503946066, 0, 0.99343079328537, 0, 0.27105778455734, 7.6293943607197e-08, 0.41247925162315, 1, },
		{ 0.99444305896759, 0, -0.10527613013983, 0, 0, 1, 0, 0, 0.10527613013983, 0, 0.99444305896759, 0, 0.27698546648026, 7.6293943607197e-08, 0.37913948297501, 1, },
		{ 0.9954000711441, 0, -0.095804736018181, 0, 0, 1, 0, 0, 0.095804736018181, 0, 0.9954000711441, 0, 0.27708387374878, 7.6293943607197e-08, 0.34515821933746, 1, },
		{ 0.99628621339798, 0, -0.08610326051712, 0, 0, 1, 0, 0, 0.08610326051712, 0, 0.99628621339798, 0, 0.27718353271484, 7.6293943607197e-08, 0.31083983182907, 1, },
		{ 0.99708873033524, 0, -0.076249018311501, 0, 0, 1, 0, 0, 0.076249018311501, 0, 0.99708873033524, 0, 0.27728351950645, 7.6293943607197e-08, 0.27639815211296, 1, },
		{ 0.99779844284058, 0, -0.066319569945335, 0, 0, 1, 0, 0, 0.066319569945335, 0, 0.99779844284058, 0, 0.27738323807716, 7.6293943607197e-08, 0.2420466542244, 1, },
		{ 0.99840861558914, 0, -0.056392803788185, 0, 0, 1, 0, 0, 0.056392803788185, 0, 0.99840861558914, 0, 0.27748188376427, 7.6293943607197e-08, 0.20799945294857, 1, },
		{ 0.998914539814, 0, -0.046580478549004, 0, 0, 1, 0, 0, 0.046580478549004, 0, 0.998914539814, 0, 0.27331465482712, 7.6293943607197e-08, 0.17453482747078, 1, },
		{ 0.99931043386459, 0, -0.03712972253561, 0, 0, 1, 0, 0, 0.03712972253561, 0, 0.99931043386459, 0, 0.26072528958321, 7.6293943607197e-08, 0.14224991202354, 1, },
		{ 0.99959886074066, 0, -0.02832156047225, 0, 0, 1, 0, 0, 0.02832156047225, 0, 0.99959886074066, 0, 0.2397685945034, 7.6293943607197e-08, 0.11183555424213, 1, },
		{ 0.99979114532471, 0, -0.020437074825168, 0, 0, 1, 0, 0, 0.020437074825168, 0, 0.99979114532471, 0, 0.21049925684929, 7.6293943607197e-08, 0.083982691168785, 1, },
		{ 0.9999053478241, 0, -0.013757184147835, 0, 0, 1, 0, 0, 0.013757184147835, 0, 0.9999053478241, 0, 0.1729720979929, 7.6293943607197e-08, 0.059382285922766, 1, },
		{ 0.99996393918991, 0, -0.0084965759888291, 0, 0, 1, 0, 0, 0.0084965759888291, 0, 0.99996393918991, 0, 0.12833476066589, 7.6293943607197e-08, 0.03865047544241, 1, },
		{ 0.99998939037323, 0, -0.0046060029417276, 0, 0, 1, 0, 0, 0.0046060029417276, 0, 0.99998939037323, 0, 0.082106702029705, 7.6293943607197e-08, 0.022104147821665, 1, },
		{ 0.99999809265137, 0, -0.0019700676202774, 0, 0, 1, 0, 0, 0.0019700676202774, 0, 0.99999809265137, 0, 0.04090004041791, 7.6293943607197e-08, 0.0099855037406087, 1, },
		{ 0.99999988079071, 0, -0.00047325319610536, 0, 0, 1, 0, 0, 0.00047325319610536, 0, 0.99999988079071, 0, 0.011327056214213, 7.6293943607197e-08, 0.0025368118658662, 1, },
		{ 1, 0, 0, 0, 0, 1, 0, 0, 0, 0, 1, 0, 0, 7.6293943607197e-08, 0, 1, },
	},
}
end
