function data()
return {
	times = { 0, 41.667, 83.333, 125, 166.667, 208.333, 250, 291.667, 333.333, 375, 416.667, 458.333, 500, 541.667, 583.333, 625, 666.667, 708.333, 750, 791.667, 833.333, 875, 916.667, 958.333, 1000, 1041.667, 1083.333, 1125, 1166.667, 1208.333, 1250, 1291.667, 1333.333, 1375, 1416.667, 1458.333, 1500, 1541.667, 1583.333, 1625, 1666.667, 1708.333, 1750, 1791.667, 1833.333, 1875, 1916.667, 1958.333, 2000, 2041.667, 2083.333, },
	transfs = {
		{ 0.99999988079071, 0, -3.5644506967132e-16, 0, 0, 1, 8.8817841970013e-16, 0, -3.5644499026199e-16, 8.8817841970013e-16, 0.99999988079071, 0, -1.5258788721439e-07, -1.5258788721439e-07, 0, 1, },
		{ 0.99999988079071, 3.2542857297813e-12, -0.00028404593467712, 0, -1.5347722008216e-12, 1, -8.8329343839177e-12, 0, 0.00028404593467712, 1.8742339277789e-11, 0.99999988079071, 0, -1.5258788721439e-07, -1.5258788721439e-07, 0, 1, },
		{ 0.99999725818634, 2.5863753846944e-11, -0.0022715628147125, 0, -1.2352785461189e-11, 1, -7.0634609272702e-11, 0, 0.0022715628147125, 1.4992716790285e-10, 0.99999725818634, 0, -1.5258788721439e-07, -1.5258788721439e-07, 0, 1, },
		{ 0.99997055530548, 8.5918827608111e-11, -0.0076661999337375, 0, -4.2327030769229e-11, 1, -2.38273845099e-10, 0, 0.0076661999337375, 5.0621729030809e-10, 0.99997055530548, 0, -1.5258788721439e-07, -1.5258788721439e-07, 0, 1, },
		{ 0.99983483552933, 1.9736033640694e-10, -0.018170950934291, 0, -1.0328803784487e-10, 1, -5.6425886185707e-10, 0, 0.018170950934291, 1.2009664374091e-09, 0.99983483552933, 0, -1.5258788721439e-07, -1.5258788721439e-07, 0, 1, },
		{ 0.99937009811401, 3.6511235701475e-10, -0.035484492778778, 0, -2.1126565774576e-10, 1, -1.1002323496712e-09, 0, 0.035484492778778, 2.3487869427186e-09, 0.99937009811401, 0, -1.5258788721439e-07, -1.5258788721439e-07, 0, 1, },
		{ 0.99811160564423, 5.7936233588407e-10, -0.061425369232893, 0, -3.9052849842847e-10, 1, -1.9002439621829e-09, 0, 0.061425369232893, 4.0750105512188e-09, 0.99811160564423, 0, -1.5258788721439e-07, -1.5258788721439e-07, 0, 1, },
		{ 0.9954822063446, 7.9003825703694e-10, -0.094947628676891, 0, -6.5338312538188e-10, 1, -2.9286462144285e-09, 0, 0.094947628676891, 6.3172271858036e-09, 0.9954822063446, 0, -1.5258788721439e-07, -1.5258788721439e-07, 0, 1, },
		{ 0.99105888605118, 9.3911722842677e-10, -0.13342468440533, 0, -9.9879571280326e-10, 1, -4.1014618368251e-09, 0, 0.13342468440533, 8.9069640551998e-09, 0.99105888605118, 0, -1.5258788721439e-07, -1.5258788721439e-07, 0, 1, },
		{ 0.98470664024353, 9.8748387244996e-10, -0.17422045767307, 0, -1.4167280681932e-09, 1, -5.3359738849679e-09, 0, 0.17422045767307, 1.1671814625913e-08, 0.98470664024353, 0, -1.5258788721439e-07, -1.5258788721439e-07, 0, 1, },
		{ 0.97667390108109, 9.2165919340914e-10, -0.21472771465778, 0, -1.88536297685e-09, 1, -6.5524372594439e-09, 0, 0.21472771465778, 1.4436890793945e-08, 0.97667390108109, 0, -1.5258788721439e-07, -1.5258788721439e-07, 0, 1, },
		{ 0.9674431681633, 7.5216627370978e-10, -0.25308802723885, 0, -2.3796642434348e-09, 1, -7.6956538919148e-09, 0, 0.25308802723885, 1.7074015090657e-08, 0.9674431681633, 0, -1.5258788721439e-07, -1.5258788721439e-07, 0, 1, },
		{ 0.95696693658829, 4.8613202352499e-10, -0.29019668698311, 0, -2.9059439299317e-09, 1, -8.7932150449888e-09, 0, 0.29019668698311, 1.9642826032396e-08, 0.95696693658829, 0, -1.5258788721439e-07, -1.5258788721439e-07, 0, 1, },
		{ 0.94482332468033, 1.1323209037073e-10, -0.32758015394211, 0, -3.4855638375575e-09, 1, -9.8903178979981e-09, 0, 0.32758015394211, 2.2248878295272e-08, 0.94482332468033, 0, -1.5258788721439e-07, -1.5258788721439e-07, 0, 1, },
		{ 0.93034589290619, -3.9397460294133e-10, -0.36668309569359, 0, -4.1470595846249e-09, 1, -1.1028291169168e-08, 0, 0.36668309569359, 2.4995141956197e-08, 0.93034589290619, 0, -1.5258788721439e-07, -1.5258788721439e-07, 0, 1, },
		{ 0.91260874271393, -1.0813465678439e-09, -0.40883395075798, 0, -4.926400620775e-09, 1, -1.2243452474081e-08, 0, 0.40883395075798, 2.7979890404595e-08, 0.91260874271393, 0, -1.5258788721439e-07, -1.5258788721439e-07, 0, 1, },
		{ 0.89077699184418, -1.9993180444544e-09, -0.45444065332413, 0, -5.8517599654806e-09, 1, -1.3543978383268e-08, 0, 0.45444065332413, 3.1239615339018e-08, 0.89077699184418, 0, -1.5258788721439e-07, -1.5258788721439e-07, 0, 1, },
		{ 0.8655418753624, -3.1328182270585e-09, -0.50083649158478, 0, -6.8872316738577e-09, 1, -1.4850666474331e-08, 0, 0.50083649158478, 3.4590414088598e-08, 0.8655418753624, 0, -1.5258788721439e-07, -1.5258788721439e-07, 0, 1, },
		{ 0.83853220939636, -4.4107011376582e-09, -0.54485177993774, 0, -7.9650348538962e-09, 1, -1.6073729014465e-08, 0, 0.54485177993774, 3.7804458230539e-08, 0.83853220939636, 0, -1.5258788721439e-07, -1.5258788721439e-07, 0, 1, },
		{ 0.81197953224182, -5.7178155543625e-09, -0.58368581533432, 0, -9.0006428976608e-09, 1, -1.713811315085e-08, 0, 0.58368581533432, 4.0671370271639e-08, 0.81197953224182, 0, -1.5258788721439e-07, -1.5258788721439e-07, 0, 1, },
		{ 0.78858983516693, -6.903313476414e-09, -0.6149195432663, 0, -9.8968193640303e-09, 1, -1.7983197153626e-08, 0, 0.6149195432663, 4.3000497385037e-08, 0.78858983516693, 0, -1.5258788721439e-07, -1.5258788721439e-07, 0, 1, },
		{ 0.7707753777504, -7.8245854240322e-09, -0.63710689544678, 0, -1.0570730069048e-08, 1, -1.8577040350465e-08, 0, 0.63710689544678, 4.4668770016187e-08, 0.7707753777504, 0, -1.5258788721439e-07, -1.5258788721439e-07, 0, 1, },
		{ 0.75861328840256, -8.4617148843336e-09, -0.65154105424881, 0, -1.1026960677896e-08, 1, -1.8960275127711e-08, 0, 0.65154105424881, 4.5760643274662e-08, 0.75861328840256, 0, -1.5258788721439e-07, -1.5258788721439e-07, 0, 1, },
		{ 0.75129121541977, -8.8482785542965e-09, -0.65997076034546, 0, -1.1300225644106e-08, 1, -1.9182905930393e-08, 0, 0.65997076034546, 4.6400820963299e-08, 0.75129121541977, 0, -1.5258788721439e-07, -1.5258788721439e-07, 0, 1, },
		{ 0.7477645277977, -9.0352401116434e-09, -0.66396403312683, 0, -1.143148598004e-08, 1, -1.9288050268074e-08, 0, 0.66396403312683, 4.670474496038e-08, 0.7477645277977, 0, -1.5258788721439e-07, -1.5258788721439e-07, 0, 1, },
		{ 0.74686080217361, -9.0832266153029e-09, -0.66498041152954, 0, -1.1465083105122e-08, 1, -1.9314780885793e-08, 0, 0.66498041152954, 4.6782172802295e-08, 0.74686080217361, 0, -1.5258788721439e-07, -1.5258788721439e-07, 0, 1, },
		{ 0.74896454811096, -8.9715683770919e-09, -0.66260993480682, 0, -1.1386845244488e-08, 1, -1.9252418326232e-08, 0, 0.66260993480682, 4.6601638103994e-08, 0.74896454811096, 0, -1.5258788721439e-07, -1.5258788721439e-07, 0, 1, },
		{ 0.75481986999512, -8.6617140127032e-09, -0.65593206882477, 0, -1.1168664215688e-08, 1, -1.9076352941738e-08, 0, 0.65593206882477, 4.6093873606878e-08, 0.75481986999512, 0, -1.5258788721439e-07, -1.5258788721439e-07, 0, 1, },
		{ 0.76370400190353, -8.1942594931661e-09, -0.64556646347046, 0, -1.0836357589028e-08, 1, -1.8801951995329e-08, 0, 0.64556646347046, 4.5308041762837e-08, 0.76370400190353, 0, -1.5258788721439e-07, -1.5258788721439e-07, 0, 1, },
		{ 0.77487200498581, -7.6114297087315e-09, -0.63211810588837, 0, -1.0416370876953e-08, 1, -1.8444008986762e-08, 0, 0.63211810588837, 4.429261224459e-08, 0.77487200498581, 0, -1.5258788721439e-07, -1.5258788721439e-07, 0, 1, },
		{ 0.78758609294891, -6.9548171666156e-09, -0.61620450019836, 0, -9.9349772852975e-09, 1, -1.8017743741439e-08, 0, 0.61620450019836, 4.3096790136588e-08, 0.78758609294891, 0, -1.5258788721439e-07, -1.5258788721439e-07, 0, 1, },
		{ 0.80130684375763, -6.255142181999e-09, -0.598253428936, 0, -9.4112717619055e-09, 1, -1.7533544394155e-08, 0, 0.598253428936, 4.1754979918096e-08, 0.80130684375763, 0, -1.5258788721439e-07, -1.5258788721439e-07, 0, 1, },
		{ 0.81616938114166, -5.508638878382e-09, -0.57781249284744, 0, -8.8386009622354e-09, 1, -1.6978072281404e-08, 0, 0.57781249284744, 4.0235779152908e-08, 0.81616938114166, 0, -1.5258788721439e-07, -1.5258788721439e-07, 0, 1, },
		{ 0.83240604400635, -4.7082124865483e-09, -0.55416613817215, 0, -8.2058848605016e-09, 1, -1.6330330865344e-08, 0, 0.55416613817215, 3.8489311293688e-08, 0.83240604400635, 0, -1.5258788721439e-07, -1.5258788721439e-07, 0, 1, },
		{ 0.85014665126801, -3.8540828306566e-09, -0.52654582262039, 0, -7.5049246817116e-09, 1, -1.5567117372939e-08, 0, 0.52654582262039, 3.6463376318352e-08, 0.85014665126801, 0, -1.5258788721439e-07, -1.5258788721439e-07, 0, 1, },
		{ 0.86939072608948, -2.955758304779e-09, -0.49412524700165, 0, -6.731275092875e-09, 1, -1.466272347983e-08, 0, 0.49412524700165, 3.4103436519217e-08, 0.86939072608948, 0, -1.5258788721439e-07, -1.5258788721439e-07, 0, 1, },
		{ 0.88975298404694, -2.0439472336875e-09, -0.45644226670265, 0, -5.8944209513356e-09, 1, -1.3600703674399e-08, 0, 0.45644226670265, 3.1383436294163e-08, 0.88975298404694, 0, -1.5258788721439e-07, -1.5258788721439e-07, 0, 1, },
		{ 0.90993309020996, -1.1900525009878e-09, -0.41475492715836, 0, -5.0416026908806e-09, 1, -1.2413152283841e-08, 0, 0.41475492715836, 2.8401272444967e-08, 0.90993309020996, 0, -1.5258788721439e-07, -1.5258788721439e-07, 0, 1, },
		{ 0.92866617441177, -4.5629633405042e-10, -0.37091651558876, 0, -4.2221675045084e-09, 1, -1.1150884660083e-08, 0, 0.37091651558876, 2.5293751093614e-08, 0.92866617441177, 0, -1.5258788721439e-07, -1.5258788721439e-07, 0, 1, },
		{ 0.94503843784332, 1.203090960189e-10, -0.32695895433426, 0, -3.4755167632738e-09, 1, -9.8721582020289e-09, 0, 0.32695895433426, 2.2205421501553e-08, 0.94503843784332, 0, -1.5258788721439e-07, -1.5258788721439e-07, 0, 1, },
		{ 0.95851141214371, 5.2911275361112e-10, -0.28505373001099, 0, -2.8301254673124e-09, 1, -8.6416029887459e-09, 0, 0.28505373001099, 1.9285749885967e-08, 0.95851141214371, 0, -1.5258788721439e-07, -1.5258788721439e-07, 0, 1, },
		{ 0.96903908252716, 7.8663475733265e-10, -0.24690727889538, 0, -2.2966464285901e-09, 1, -7.5120425435671e-09, 0, 0.24690727889538, 1.6647870637598e-08, 0.96903908252716, 0, -1.5258788721439e-07, -1.5258788721439e-07, 0, 1, },
		{ 0.97726571559906, 9.2965279918644e-10, -0.21201795339584, 0, -1.8523208522581e-09, 1, -6.4713558955987e-09, 0, 0.21201795339584, 1.4251293478651e-08, 0.97726571559906, 0, -1.5258788721439e-07, -1.5258788721439e-07, 0, 1, },
		{ 0.983802318573, 9.8552277449926e-10, -0.17925631999969, 0, -1.4720527019563e-09, 1, -5.48771561526e-09, 0, 0.17925631999969, 1.2014488959267e-08, 0.983802318573, 0, -1.5258788721439e-07, -1.5258788721439e-07, 0, 1, },
		{ 0.98907190561295, 9.6854790854195e-10, -0.14743331074715, 0, -1.1362608631771e-09, 1, -4.5264227921393e-09, 0, 0.14743331074715, 9.8541432791421e-09, 0.98907190561295, 0, -1.5258788721439e-07, -1.5258788721439e-07, 0, 1, },
		{ 0.99332827329636, 8.8138557563511e-10, -0.11532095074654, 0, -8.3042550613754e-10, 1, -3.5506586559819e-09, 0, 0.11532095074654, 7.6863182485454e-09, 0.99332827329636, 0, -1.5258788721439e-07, -1.5258788721439e-07, 0, 1, },
		{ 0.99659812450409, 7.200284812825e-10, -0.082413241267204, 0, -5.509690481631e-10, 1, -2.5448321228083e-09, 0, 0.082413241267204, 5.4773137136976e-09, 0.99659812450409, 0, -1.5258788721439e-07, -1.5258788721439e-07, 0, 1, },
		{ 0.99868893623352, 5.0015103170153e-10, -0.051189731806517, 0, -3.1728572547074e-10, 1, -1.5850142309759e-09, 0, 0.051189731806517, 3.3929588028059e-09, 0.99868893623352, 0, -1.5258788721439e-07, -1.5258788721439e-07, 0, 1, },
		{ 0.99969005584717, 2.648334884725e-10, -0.024892657995224, 0, -1.4410161952583e-10, 1, -7.7253359265228e-10, 0, 0.024892657995224, 1.6461809693169e-09, 0.99969005584717, 0, -1.5258788721439e-07, -1.5258788721439e-07, 0, 1, },
		{ 0.99997717142105, 7.594280759804e-11, -0.0067574381828308, 0, -3.7214675785435e-11, 1, -2.1004398220725e-10, 0, 0.0067574381828308, 4.4617465277952e-10, 0.99997717142105, 0, -1.5258788721439e-07, -1.5258788721439e-07, 0, 1, },
		{ 0.99999988079071, 0, -3.5644506967132e-16, 0, 0, 1, 8.8817841970013e-16, 0, -3.5644499026199e-16, 8.8817841970013e-16, 0.99999988079071, 0, -1.5258788721439e-07, -1.5258788721439e-07, 0, 1, },
	},
}
end
