function data()
return {
	times = { 0, 41.667, 83.333, 125, 166.667, 208.333, 250, 291.667, 333.333, 375, 416.667, 458.333, 500, 541.667, 583.333, 625, 666.667, 708.333, 750, 791.667, 833.333, 875, 916.667, 958.333, 1000, 1041.667, 1083.333, 1125, 1166.667, 1208.333, 1250, 1291.667, 1333.333, 1375, 1416.667, 1458.333, 1500, 1541.667, 1583.333, 1625, 1666.667, 1708.333, 1750, 1791.667, 1833.333, 1875, 1916.667, 1958.333, 2000, 2041.667, 2083.333, 2125, 2166.667, 2208.333, 2250, 2291.667, 2333.333, 2375, 2416.667, 2458.333, 2500, 2541.667, 2583.333, 2625, 2666.667, 2708.333, 2750, 2791.667, 2833.333, 2875, 2916.667, 2958.333, 3000, 3041.667, 3083.333, 3166.667, 3208.333, 3250, 3291.667, 3333.333, 3375, 3416.667, 3458.333, 3500, 3541.667, 3583.333, 3625, 3666.667, 3708.333, 3750, 3791.667, 3833.333, 3875, 3916.667, 3958.333, 4000, 4041.667, 4083.333, 4125, 4166.667, },
	transfs = {
		{ 1, 0, -2.5014547881556e-16, 0, 0, 1, 0, 0, -2.5014547881556e-16, 0, 1, 0, 3.0517577442879e-07, -4.7683714754498e-09, 3.8146971803599e-08, 1, },
		{ 0.99998927116394, 3.571898332666e-11, -0.0046364963054657, 0, -3.6408209780348e-11, 1, -1.4902301614939e-10, 0, 0.0046364963054657, 1.4918999369229e-10, 0.99998927116394, 0, -0.0026654051616788, -4.7683714754498e-09, 0.0010554122272879, 1, },
		{ 0.99985498189926, 1.2780176916749e-10, -0.017029702663422, 0, -1.3712764257434e-10, 1, -5.4653254144554e-10, 0, 0.017029702663422, 5.4878768196431e-10, 0.99985498189926, 0, -0.0053308103233576, -4.7683714754498e-09, 0.0021107865031809, 1, },
		{ 0.99939072132111, 2.518802943996e-10, -0.034900903701782, 0, -2.9106672627677e-10, 1, -1.1176418679426e-09, 0, 0.034900903701782, 1.12712061906e-09, 0.99939072132111, 0, -0.0079962154850364, -4.7683714754498e-09, 0.0031661605462432, 1, },
		{ 0.99843263626099, 3.8492231624332e-10, -0.055966258049011, 0, -4.857270141656e-10, 1, -1.7876339297729e-09, 0, 0.055966258049011, 1.8120149825052e-09, 0.99843263626099, 0, -0.011025390587747, -4.7683714754498e-09, 0.0043654250912368, 1, },
		{ 0.99695801734924, 5.0842174914578e-10, -0.077940076589584, 0, -7.0406963592617e-10, 1, -2.4828228362139e-09, 0, 0.077940076589584, 2.5301445383263e-09, 0.99695801734924, 0, -0.014053954742849, -4.7683714754498e-09, 0.0055646132677794, 1, },
		{ 0.99509543180466, 6.1170624121587e-10, -0.09891951084137, 0, -9.2715524147025e-10, 1, -3.1430129610044e-09, 0, 0.09891951084137, 3.2193112620149e-09, 0.99509543180466, 0, -0.01467193569988, -4.7683714754498e-09, 0.0058092880062759, 1, },
		{ 0.99295282363892, 6.9518785172917e-10, -0.11851054430008, 0, -1.148450223809e-09, 1, -3.7563765431514e-09, 0, 0.11851054430008, 3.8660075141195e-09, 0.99295282363892, 0, -0.015289611183107, -4.7683714754498e-09, 0.0060538863763213, 1, },
		{ 0.99061280488968, 7.6139977656098e-10, -0.13669741153717, 0, -1.3651622055022e-09, 1, -4.3230485857748e-09, 0, 0.13669741153717, 4.4690815492743e-09, 0.99061280488968, 0, -0.015907593071461, -4.7683714754498e-09, 0.0062985611148179, 1, },
		{ 0.98815375566483, 8.1275786101287e-10, -0.15346716344357, 0, -1.5746870474231e-09, 1, -4.8432209354132e-09, 0, 0.15346716344357, 5.027509519806e-09, 0.98815375566483, 0, -0.016525574028492, -4.7683714754498e-09, 0.0065432358533144, 1, },
		{ 0.98564875125885, 8.515392280195e-10, -0.16880862414837, 0, -1.7745768188249e-09, 1, -5.317105866709e-09, 0, 0.16880862414837, 5.5403610588201e-09, 0.98564875125885, 0, -0.017143249511719, -4.7683714754498e-09, 0.0067878342233598, 1, },
		{ 0.98316007852554, 8.7991480768324e-10, -0.18274608254433, 0, -1.9630197467535e-09, 1, -5.7459628166612e-09, 0, 0.18274608254433, 6.0079350383546e-09, 0.98316007852554, 0, -0.01776123046875, -4.7683714754498e-09, 0.0070325084961951, 1, },
		{ 0.98071563243866, 9.0004087516249e-10, -0.19544011354446, 0, -2.1403747663129e-09, 1, -6.1351763669393e-09, 0, 0.19544011354446, 6.4351781681182e-09, 0.98071563243866, 0, -0.018379211425781, -4.7683714754498e-09, 0.0072772596031427, 1, },
		{ 0.97832316160202, 9.136726930592e-10, -0.20708413422108, 0, -2.3078852162683e-09, 1, -6.4910299357734e-09, 0, 0.20708413422108, 6.8282490772731e-09, 0.97832316160202, 0, -0.018997192382813, -4.7683714754498e-09, 0.0075219343416393, 1, },
		{ 0.9759778380394, 9.2214585967199e-10, -0.21786995232105, 0, -2.4672068832388e-09, 1, -6.8196475133675e-09, 0, 0.21786995232105, 7.1933534684376e-09, 0.9759778380394, 0, -0.019615173339844, -4.7683714754498e-09, 0.0077664563432336, 1, },
		{ 0.97366392612457, 9.2643048787977e-10, -0.22798793017864, 0, -2.6203161862526e-09, 1, -7.1270358503739e-09, 0, 0.22798793017864, 7.5367374563484e-09, 0.97366392612457, 0, -0.020233154296875, -4.7683714754498e-09, 0.00801120698452, 1, },
		{ 0.97137260437012, 9.2720847666428e-10, -0.23756119608879, 0, -2.7684698977737e-09, 1, -7.4170793951112e-09, 0, 0.23756119608879, 7.8624280419604e-09, 0.97137260437012, 0, -0.021301878616214, -4.7683714754498e-09, 0.0084344102069736, 1, },
		{ 0.96915531158447, 9.2504848225872e-10, -0.24645046889782, 0, -2.9089175512809e-09, 1, -7.6857054054358e-09, 0, 0.24645046889782, 8.1655446848572e-09, 0.96915531158447, 0, -0.022370910272002, -4.7683714754498e-09, 0.0088576124981046, 1, },
		{ 0.96708518266678, 9.2071766877311e-10, -0.25445273518562, 0, -3.0377371729173e-09, 1, -7.9269462105458e-09, 0, 0.25445273518562, 8.4389926158224e-09, 0.96708518266678, 0, -0.023439636453986, -4.7683714754498e-09, 0.0092808147892356, 1, },
		{ 0.9652396440506, 9.1514346101107e-10, -0.26136636734009, 0, -3.1508660125468e-09, 1, -8.1349256220165e-09, 0, 0.26136636734009, 8.6756841710667e-09, 0.9652396440506, 0, -0.024508666247129, -4.7683714754498e-09, 0.0097040934488177, 1, },
		{ 0.96369898319244, 9.0935253771462e-10, -0.26699107885361, 0, -3.2441587194398e-09, 1, -8.303828735734e-09, 0, 0.26699107885361, 8.868553003083e-09, 0.96369898319244, 0, -0.025577697902918, -4.7683714754498e-09, 0.010127296671271, 1, },
		{ 0.96252459287643, 9.0427576537877e-10, -0.27119433879852, 0, -3.3146267952588e-09, 1, -8.4298674707384e-09, 0, 0.27119433879852, 9.0128606800022e-09, 0.96252459287643, 0, -0.026646422222257, -4.7683714754498e-09, 0.010550498962402, 1, },
		{ 0.96169745922089, 9.0038193567565e-10, -0.27411296963692, 0, -3.3639258045781e-09, 1, -8.51729620166e-09, 0, 0.27411296963692, 9.11315645169e-09, 0.96169745922089, 0, -0.027753906324506, -4.7683714754498e-09, 0.010989036411047, 1, },
		{ 0.96117210388184, 8.9777074663289e-10, -0.27594962716103, 0, -3.3951099709384e-09, 1, -8.5722744458394e-09, 0, 0.27594962716103, 9.1763086018659e-09, 0.96117210388184, 0, -0.02886138856411, -4.7683714754498e-09, 0.011427497491241, 1, },
		{ 0.96089726686478, 8.963603193024e-10, -0.27690508961678, 0, -3.4113778468736e-09, 1, -8.6008640209911e-09, 0, 0.27690508961678, 9.2091729797517e-09, 0.96089726686478, 0, -0.029968565329909, -4.7683714754498e-09, 0.011865882202983, 1, },
		{ 0.96081829071045, 8.9595525443187e-10, -0.27717930078506, 0, -3.4160514417181e-09, 1, -8.6090645723402e-09, 0, 0.27717930078506, 9.2186045463905e-09, 0.96081829071045, 0, -0.031076049432158, -4.7683714754498e-09, 0.012304344214499, 1, },
		{ 0.96119672060013, 8.9789503610049e-10, -0.27586379647255, 0, -3.393647807215e-09, 1, -8.5697040574928e-09, 0, 0.27586379647255, 9.1733554086204e-09, 0.96119672060013, 0, -0.032183531671762, -4.7683714754498e-09, 0.012742881663144, 1, },
		{ 0.9622300863266, 9.0291862875347e-10, -0.27223759889603, 0, -3.3322109516121e-09, 1, -8.4611277983981e-09, 0, 0.27223759889603, 9.0487031201292e-09, 0.9622300863266, 0, -0.03383544832468, -4.7683714754498e-09, 0.013396949507296, 1, },
		{ 0.9637576341629, 9.0958707232858e-10, -0.2667790055275, 0, -3.2406237693294e-09, 1, -8.2974658255353e-09, 0, 0.2667790055275, 8.8612761572904e-09, 0.9637576341629, 0, -0.035487364977598, -4.7683714754498e-09, 0.014051017351449, 1, },
		{ 0.96561771631241, 9.1641183530555e-10, -0.25996622443199, 0, -3.1278160061987e-09, 1, -8.0928410639558e-09, 0, 0.25996622443199, 8.6277172073324e-09, 0.96561771631241, 0, -0.037138976156712, -4.7683714754498e-09, 0.014704932458699, 1, },
		{ 0.96765440702438, 9.2211749347371e-10, -0.25227952003479, 0, -3.0025260056021e-09, 1, -7.8614865728355e-09, 0, 0.25227952003479, 8.3646778392676e-09, 0.96765440702438, 0, -0.038790892809629, -4.7683714754498e-09, 0.015359076671302, 1, },
		{ 0.96975415945053, 9.2589397260312e-10, -0.24408334493637, 0, -2.8712445754309e-09, 1, -7.614239017073e-09, 0, 0.24408334493637, 8.0847621930502e-09, 0.96975415945053, 0, -0.040431823581457, -4.7683714754498e-09, 0.016008719801903, 1, },
		{ 0.97193086147308, 9.2731505807464e-10, -0.23526653647423, 0, -2.7326692020324e-09, 1, -7.3476273954043e-09, 0, 0.23526653647423, 7.7842914336657e-09, 0.97193086147308, 0, -0.042072754353285, -4.7683714754498e-09, 0.016658438369632, 1, },
		{ 0.97422057390213, 9.2574126142608e-10, -0.22559721767902, 0, -2.583817604318e-09, 1, -7.054481443447e-09, 0, 0.22559721767902, 7.4555233098295e-09, 0.97422057390213, 0, -0.043713681399822, -4.7683714754498e-09, 0.017308158800006, 1, },
		{ 0.97664892673492, 9.2017060637772e-10, -0.21484109759331, 0, -2.4220605521208e-09, 1, -6.727463919276e-09, 0, 0.21484109759331, 7.090728004755e-09, 0.97664892673492, 0, -0.04535461217165, -4.7683714754498e-09, 0.017957800999284, 1, },
		{ 0.97922801971436, 9.0915364125976e-10, -0.20276175439358, 0, -2.2451587256e-09, 1, -6.3590639420852e-09, 0, 0.20276175439358, 6.682206343811e-09, 0.97922801971436, 0, -0.046601559966803, -4.7683714754498e-09, 0.018451575189829, 1, },
		{ 0.98194062709808, 8.908145332498e-10, -0.18918943405151, 0, -2.0523600596789e-09, 1, -5.9436890964548e-09, 0, 0.18918943405151, 6.2246332532823e-09, 0.98194062709808, 0, -0.047849118709564, -4.7683714754498e-09, 0.018945425748825, 1, },
		{ 0.98470503091812, 8.6335200100152e-10, -0.17422993481159, 0, -1.8470984741725e-09, 1, -5.4841060581623e-09, 0, 0.17422993481159, 5.7220468363539e-09, 0.98470503091812, 0, -0.049096066504717, -4.7683714754498e-09, 0.019439201802015, 1, },
		{ 0.98742944002151, 8.2519591160235e-10, -0.15806047618389, 0, -1.6337117214604e-09, 1, -4.9853032813019e-09, 0, 0.15806047618389, 5.1808597412162e-09, 0.98742944002151, 0, -0.050343319773674, -4.7683714754498e-09, 0.019933128729463, 1, },
		{ 0.99002933502197, 7.7502448903033e-10, -0.14086133241653, 0, -1.4163212824769e-09, 1, -4.4524184339423e-09, 0, 0.14086133241653, 4.6075285808911e-09, 0.99002933502197, 0, -0.051590576767921, -4.7683714754498e-09, 0.020426826551557, 1, },
		{ 0.99242943525314, 7.1184658168022e-10, -0.12281605601311, 0, -1.1987673076419e-09, 1, -3.8907677080147e-09, 0, 0.12281605601311, 4.0085388341993e-09, 0.99242943525314, 0, -0.05239288136363, -4.7683714754498e-09, 0.020744590088725, 1, },
		{ 0.99456661939621, 6.3500849023512e-10, -0.10410150140524, 0, -9.8447117125033e-10, 1, -3.3055485015865e-09, 0, 0.10410150140524, 3.3900722229419e-09, 0.99456661939621, 0, -0.053195189684629, -4.7683714754498e-09, 0.021062279120088, 1, },
		{ 0.99639296531677, 5.4406257277151e-10, -0.084858268499374, 0, -7.7605116777235e-10, 1, -2.7009106062792e-09, 0, 0.084858268499374, 2.757021722033e-09, 0.99639296531677, 0, -0.053997799754143, -4.7683714754498e-09, 0.021379966288805, 1, },
		{ 0.99787086248398, 4.3883116584986e-10, -0.065219670534134, 0, -5.757705423548e-10, 1, -2.0808446077325e-09, 0, 0.065219670534134, 2.1139656691815e-09, 0.99787086248398, 0, -0.054800413548946, -4.7683714754498e-09, 0.021697806194425, 1, },
		{ 0.99897253513336, 3.1947777756614e-10, -0.045320119708776, 0, -3.8555469927815e-10, 1, -1.449463660208e-09, 0, 0.045320119708776, 1.4654463198482e-09, 0.99897253513336, 0, -0.05560302734375, -4.7683714754498e-09, 0.022015571594238, 1, },
		{ 0.9996799826622, 1.864712828592e-10, -0.025296030566096, 0, -2.0705215320049e-10, 1, -8.1100726134764e-10, 0, 0.025296030566096, 8.1598588996812e-10, 0.9996799826622, 0, -0.056405331939459, -4.7683714754498e-09, 0.022333258762956, 1, },
		{ 0.99998611211777, 4.0522252220399e-11, -0.0052668154239655, 0, -4.1410430640099e-11, 1, -1.6926814117024e-10, 0, 0.0052668154239655, 1.694830942256e-10, 0.99998611211777, 0, -0.057207640260458, -4.7683714754498e-09, 0.022650947794318, 1, },
		{ 0.99989175796509, -1.1793588328146e-10, 0.014714598655701, 0, 1.1097611718469e-10, 1, 4.740496883926e-10, 0, -0.014714598655701, -4.7236614619806e-10, 0.99989175796509, 0, -0.056846924126148, -4.7683714754498e-09, 0.022508049383759, 1, },
		{ 0.99940085411072, -2.8849456157332e-10, 0.034612208604813, 0, 2.4995827629937e-10, 1, 1.1177578862487e-09, 0, -0.034612208604813, -1.1084360096447e-09, 0.99940085411072, 0, -0.056486204266548, -4.7683714754498e-09, 0.022365301847458, 1, },
		{ 0.998519718647, -4.7067061359485e-10, 0.054390460252762, 0, 3.7546854514403e-10, 1, 1.7606617275234e-09, 0, -0.054390460252762, -1.7376340366582e-09, 0.998519718647, 0, -0.056125182658434, -4.7683714754498e-09, 0.022222403436899, 1, },
		{ 0.99725723266602, -6.6390981601216e-10, 0.074013978242874, 0, 4.87503371005e-10, 1, 2.4015576194358e-09, 0, -0.074013978242874, -2.3588881958858e-09, 0.99725723266602, 0, -0.055764462798834, -4.7683714754498e-09, 0.022079428657889, 1, },
		{ 0.9956248998642, -8.6750867600571e-10, 0.093439966440201, 0, 5.8611604458747e-10, 1, 3.0389759597682e-09, 0, -0.093439966440201, -2.9709141813328e-09, 0.9956248998642, 0, -0.055403746664524, -4.7683714754498e-09, 0.021936682984233, 1, },
		{ 0.9936408996582, -1.0803020700223e-09, 0.11259466409683, 0, 6.7130656589143e-10, 1, 3.6704042027935e-09, 0, -0.11259466409683, -3.5714788904073e-09, 0.9936408996582, 0, -0.05504272505641, -4.7683714754498e-09, 0.021793784573674, 1, },
		{ 0.99132972955704, -1.300879404198e-09, 0.13139712810516, 0, 7.4323125431874e-10, 1, 4.2930530241847e-09, 0, -0.13139712810516, -4.1581724730122e-09, 0.99132972955704, 0, -0.054681699723005, -4.7683714754498e-09, 0.021650886163116, 1, },
		{ 0.98872119188309, -1.5276632181482e-09, 0.14976781606674, 0, 8.0223466758511e-10, 1, 4.9041268823657e-09, 0, -0.14976781606674, -4.7286659032864e-09, 0.98872119188309, 0, -0.0543212890625, -4.7683714754498e-09, 0.021508064121008, 1, },
		{ 0.9858500957489, -1.7589272260921e-09, 0.16762918233871, 0, 8.4883566842109e-10, 1, 5.5008673172097e-09, 0, -0.16762918233871, -5.2807394013143e-09, 0.9858500957489, 0, -0.053960263729095, -4.7683714754498e-09, 0.021365165710449, 1, },
		{ 0.98275393247604, -1.9929800032514e-09, 0.18491816520691, 0, 8.8374818574266e-10, 1, 6.0809468571676e-09, 0, -0.18491816520691, -5.8126543578396e-09, 0.98275393247604, 0, -0.053599242120981, -4.7683714754498e-09, 0.021222267299891, 1, },
		{ 0.9794619679451, -2.2288269008186e-09, 0.20162880420685, 0, 9.0786039796953e-10, 1, 6.6439520551853e-09, 0, -0.20162880420685, -6.3244467440882e-09, 0.9794619679451, 0, -0.053238827735186, -4.7683714754498e-09, 0.021079445257783, 1, },
		{ 0.97600024938583, -2.4656969799253e-09, 0.21776911616325, 0, 9.220855190506e-10, 1, 7.1899362019678e-09, 0, -0.21776911616325, -6.8165770805706e-09, 0.97600024938583, 0, -0.052877806127071, -4.7683714754498e-09, 0.020936544984579, 1, },
		{ 0.9723933339119, -2.7028690396946e-09, 0.23334774374962, 0, 9.2726182288061e-10, 1, 7.7189890035356e-09, 0, -0.23334774374962, -7.2895183222954e-09, 0.9723933339119, 0, -0.052516784518957, -4.7683714754498e-09, 0.02079364657402, 1, },
		{ 0.96866416931152, -2.9396787226688e-09, 0.24837420880795, 0, 9.242135945442e-10, 1, 8.231231696243e-09, 0, -0.24837420880795, -7.7437487533416e-09, 0.96866416931152, 0, -0.052156370133162, -4.7683714754498e-09, 0.020650900900364, 1, },
		{ 0.96484291553497, -3.1749891604704e-09, 0.2628273665905, 0, 9.1375085276013e-10, 1, 8.7257561176557e-09, 0, -0.2628273665905, -8.1788229522317e-09, 0.96484291553497, 0, -0.051795348525047, -4.7683714754498e-09, 0.020508002489805, 1, },
		{ 0.9609951376915, -3.4055833708635e-09, 0.2765648663044, 0, 8.9686835735847e-10, 1, 9.1974694527153e-09, 0, -0.2765648663044, -8.5906801672309e-09, 0.9609951376915, 0, -0.051434323191643, -4.7683714754498e-09, 0.020365027710795, 1, },
		{ 0.95720291137695, -3.6275107362371e-09, 0.28941750526428, 0, 8.7488766231658e-10, 1, 9.6402956728525e-09, 0, -0.28941750526428, -8.9745118003748e-09, 0.95720291137695, 0, -0.051073607057333, -4.7683714754498e-09, 0.020222282037139, 1, },
		{ 0.95355540513992, -3.8365985943756e-09, 0.3012176156044, 0, 8.4937212818659e-10, 1, 1.0048150755892e-08, 0, -0.3012176156044, -9.325622940537e-09, 0.95355540513992, 0, -0.050712890923023, -4.7683714754498e-09, 0.02007938362658, 1, },
		{ 0.95014703273773, -4.0285375035864e-09, 0.31180211901665, 0, 8.2209083984708e-10, 1, 1.041504660293e-08, 0, -0.31180211901665, -9.6394963122748e-09, 0.95014703273773, 0, -0.049428708851337, -4.7683714754498e-09, 0.019570883363485, 1, },
		{ 0.94706255197525, -4.1996588429072e-09, 0.32104903459549, 0, 7.9482020964861e-10, 1, 1.0736413535994e-08, 0, -0.32104903459549, -9.9128776298585e-09, 0.94706255197525, 0, -0.048144530504942, -4.7683714754498e-09, 0.019062384963036, 1, },
		{ 0.94432961940765, -4.3493972867736e-09, 0.32900083065033, 0, 7.6878592381036e-10, 1, 1.1013391976178e-08, 0, -0.32900083065033, -1.0147344298161e-08, 0.94432961940765, 0, -0.046860046684742, -4.7683714754498e-09, 0.018553962931037, 1, },
		{ 0.94195574522018, -4.4781387487092e-09, 0.33573704957962, 0, 7.4483708090156e-10, 1, 1.1248491027516e-08, 0, -0.33573704957962, -1.0345510226273e-08, 0.94195574522018, 0, -0.045575864613056, -4.7683714754498e-09, 0.018045462667942, 1, },
		{ 0.93994092941284, -4.586488966396e-09, 0.34133702516556, 0, 7.236060084459e-10, 1, 1.1444253544823e-08, 0, -0.34133702516556, -1.0509927150792e-08, 0.93994092941284, 0, -0.044291686266661, -4.7683714754498e-09, 0.017536964267492, 1, },
		{ 0.93827962875366, -4.6752361981817e-09, 0.34587767720222, 0, 7.054978823362e-10, 1, 1.1603197513921e-08, 0, -0.34587767720222, -1.0643027792412e-08, 0.93827962875366, 0, -0.042917173355818, -4.7683714754498e-09, 0.016992758959532, 1, },
		{ 0.93696117401123, -4.7452952678384e-09, 0.34943351149559, 0, 6.9075412056918e-10, 1, 1.1727804505313e-08, 0, -0.34943351149559, -1.0747124079558e-08, 0.93696117401123, 0, -0.041542664170265, -4.7683714754498e-09, 0.016448555514216, 1, },
		{ 0.93597102165222, -4.7977035677604e-09, 0.35207712650299, 0, 6.7947425463899e-10, 1, 1.1820526779616e-08, 0, -0.35207712650299, -1.0824441787349e-08, 0.93597102165222, 0, -0.040168762207031, -4.7683714754498e-09, 0.015904502943158, 1, },
		{ 0.93529093265533, -4.83358952863e-09, 0.35387954115868, 0, 6.716298628362e-10, 1, 1.1883778405775e-08, 0, -0.35387954115868, -1.0877113432173e-08, 0.93529093265533, 0, -0.038794249296188, -4.7683714754498e-09, 0.015360297635198, 1, },
		{ 0.93524360656738, -4.836088862703e-09, 0.35400480031967, 0, 6.7107558399115e-10, 1, 1.1888172224417e-08, 0, -0.35400480031967, -1.088077361544e-08, 0.93524360656738, 0, -0.037419736385345, -4.7683714754498e-09, 0.01481609325856, 1, },
		{ 0.9351487159729, -4.8410853104031e-09, 0.3542552292347, 0, 6.6997429826188e-10, 1, 1.1896966967129e-08, 0, -0.3542552292347, -1.0888092205619e-08, 0.9351487159729, 0, -0.033930663019419, -4.7683714754498e-09, 0.013434638269246, 1, },
		{ 0.9362154006958, -4.7847841244675e-09, 0.35142669081688, 0, 6.8227379301788e-10, 1, 1.1797707699657e-08, 0, -0.35142669081688, -1.0805424111027e-08, 0.9362154006958, 0, -0.032186582684517, -4.7683714754498e-09, 0.012744102627039, 1, },
		{ 0.93788951635361, -4.6959947042069e-09, 0.34693396091461, 0, 7.0117067707542e-10, 1, 1.1640198138707e-08, 0, -0.34693396091461, -1.067396304677e-08, 0.93788951635361, 0, -0.030442198738456, -4.7683714754498e-09, 0.012053413316607, 1, },
		{ 0.94007915258408, -4.5790855551786e-09, 0.34095638990402, 0, 7.2508754556111e-10, 1, 1.143093530942e-08, 0, -0.34095638990402, -1.04987609717e-08, 0.94007915258408, 0, -0.029472960159183, -4.7683714754498e-09, 0.011669578030705, 1, },
		{ 0.94268918037415, -4.4384851349832e-09, 0.33367189764977, 0, 7.5236528118694e-10, 1, 1.117637449255e-08, 0, -0.33367189764977, -1.0284802343108e-08, 0.94268918037415, 0, -0.02850341796875, -4.7683714754498e-09, 0.011285743676126, 1, },
		{ 0.94563037157059, -4.2783376841271e-09, 0.32524299621582, 0, 7.8138734371791e-10, 1, 1.0882428291836e-08, 0, -0.32524299621582, -1.0036613318221e-08, 0.94563037157059, 0, -0.027534179389477, -4.7683714754498e-09, 0.010901984758675, 1, },
		{ 0.94883692264557, -4.101510242549e-09, 0.31576666235924, 0, 8.1079321034849e-10, 1, 1.0552736462444e-08, 0, -0.31576666235924, -9.7568033652351e-09, 0.94883692264557, 0, -0.026564940810204, -4.7683714754498e-09, 0.010518150404096, 1, },
		{ 0.95224863290787, -3.9105607640977e-09, 0.30532374978065, 0, 8.3928236582764e-10, 1, 1.0190364108098e-08, 0, -0.30532374978065, -9.4475058887156e-09, 0.95224863290787, 0, -0.025595091283321, -4.7683714754498e-09, 0.010134315118194, 1, },
		{ 0.95580637454987, -3.708045426265e-09, 0.29399687051773, 0, 8.6559381884399e-10, 1, 9.7984269586959e-09, 0, -0.29399687051773, -9.1109182420723e-09, 0.95580637454987, 0, -0.024625854566693, -4.7683714754498e-09, 0.0097505571320653, 1, },
		{ 0.959452688694, -3.4964493522693e-09, 0.28186950087547, 0, 8.8852658564065e-10, 1, 9.3800602840588e-09, 0, -0.28186950087547, -8.7492750822094e-09, 0.959452688694, 0, -0.023625792935491, -4.7683714754498e-09, 0.0093545150011778, 1, },
		{ 0.96313619613647, -3.2780018699441e-09, 0.26901444792747, 0, 9.069864859157e-10, 1, 8.9380014500762e-09, 0, -0.26901444792747, -8.3645197435089e-09, 0.96313619613647, 0, -0.022625731304288, -4.7683714754498e-09, 0.0089586256071925, 1, },
		{ 0.96682024002075, -3.0540743267693e-09, 0.25545769929886, 0, 9.2001778417838e-10, 1, 8.4733731142705e-09, 0, -0.25545769929886, -7.9572028965913e-09, 0.96682024002075, 0, -0.02162567153573, -4.7683714754498e-09, 0.008562583476305, 1, },
		{ 0.97047191858292, -2.8258462236863e-09, 0.24121403694153, 0, 9.2666135875774e-10, 1, 7.9869044711245e-09, 0, -0.24121403694153, -7.5275448097045e-09, 0.97047191858292, 0, -0.020625609904528, -4.7683714754498e-09, 0.0081665422767401, 1, },
		{ 0.97405797243118, -2.5945094961344e-09, 0.22629876434803, 0, 9.259650268767e-10, 1, 7.4793522486516e-09, 0, -0.22629876434803, -7.0757759651485e-09, 0.97405797243118, 0, -0.019625548273325, -4.7683714754498e-09, 0.0077706524170935, 1, },
		{ 0.97754466533661, -2.3612647392923e-09, 0.21072816848755, 0, 9.1698021398301e-10, 1, 6.9514936029691e-09, 0, -0.21072816848755, -6.6021610400924e-09, 0.97754466533661, 0, -0.018625488504767, -4.7683714754498e-09, 0.0073746107518673, 1, },
		{ 0.98092144727707, -2.1256987281504e-09, 0.19440451264381, 0, 8.9860202612257e-10, 1, 6.4002718680456e-09, 0, -0.19440451264381, -6.1034732823373e-09, 0.98092144727707, 0, -0.017643736675382, -4.7683714754498e-09, 0.0069860457442701, 1, },
		{ 0.98425263166428, -1.881382161173e-09, 0.17676737904549, 0, 8.6854612391107e-10, 1, 5.8071667474735e-09, 0, -0.17676737904549, -5.5621889316626e-09, 0.98425263166428, 0, -0.016662292182446, -4.7683714754498e-09, 0.0065974043682218, 1, },
		{ 0.98757714033127, -1.6217569509536e-09, 0.15713465213776, 0, 8.2274803636651e-10, 1, 5.1499373654451e-09, 0, -0.15713465213776, -4.9566786231026e-09, 0.98757714033127, 0, -0.015680847689509, -4.7683714754498e-09, 0.0062088393606246, 1, },
		{ 0.9908704161644, -1.3422543077013e-09, 0.1348172724247, 0, 7.5506534358283e-10, 1, 4.4066155169276e-09, 0, -0.1348172724247, -4.2645877940117e-09, 0.9908704161644, 0, -0.014699401333928, -4.7683714754498e-09, 0.0058201979845762, 1, },
		{ 0.99402850866318, -1.0408207629098e-09, 0.10912101715803, 0, 6.5674399252202e-10, 1, 3.5556828592576e-09, 0, -0.10912101715803, -3.462783837449e-09, 0.99402850866318, 0, -0.013717955909669, -4.7683714754498e-09, 0.005431632976979, 1, },
		{ 0.99678683280945, -7.2638073334019e-10, 0.080100178718567, 0, 5.1971582593069e-10, 1, 2.6009421283391e-09, 0, -0.080100178718567, -2.5509550027891e-09, 0.99678683280945, 0, -0.012736510485411, -4.7683714754498e-09, 0.0050429916009307, 1, },
		{ 0.99870747327805, -4.3690207007785e-10, 0.050825472921133, 0, 3.5377567542128e-10, 1, 1.6445551587196e-09, 0, -0.050825472921133, -1.6244481315653e-09, 0.99870747327805, 0, -0.0086581418290734, -4.7683714754498e-09, 0.0034282302949578, 1, },
		{ 0.99968367815018, -2.0578383441716e-10, 0.025148540735245, 0, 1.8544810131971e-10, 1, 8.1121331874101e-10, 0, -0.025148540735245, -8.0629364296314e-10, 0.99968367815018, 0, -0.0045800781808794, -4.7683714754498e-09, 0.0018135452410206, 1, },
		{ 0.9999760389328, -5.4640736379952e-11, 0.0069259107112885, 0, 5.3098855173905e-11, 1, 2.2291678225539e-10, 0, -0.0069259107112885, -2.2254374731911e-10, 0.9999760389328, 0, -0.0022900390904397, -4.7683714754498e-09, 0.00090679165441543, 1, },
		{ 1, 0, -2.5014547881556e-16, 0, 0, 1, 0, 0, -2.5014547881556e-16, 0, 1, 0, 3.0517577442879e-07, -4.7683714754498e-09, 3.8146971803599e-08, 1, },
	},
}
end
