function data()
return {
	times = { 0, 41.667, 83.333, 125, 166.667, 208.333, 250, 291.667, 333.333, 375, 416.667, 458.333, 500, 541.667, 625, 666.667, 708.333, 750, 791.667, 833.333, 875, 916.667, 958.333, 1000, 1041.667, 1083.333, 1125, 1166.667, 1208.333, 1250, 1291.667, 1333.333, 1375, 1416.667, 1458.333, 1500, 1541.667, 1583.333, 1625, 1666.667, 1708.333, 1750, 1791.667, 1833.333, 1875, 1916.667, 1958.333, 2000, 2041.667, 2083.333, },
	transfs = {
		{ 1, 0, 0, 0, 0, 1, 0, 0, 0, 0, 1, 0, 3.0517577442879e-07, 0, 3.8146971803599e-08, 1, },
		{ 0.99999850988388, 0, 0.001730905729346, 0, 0, 1, 0, 0, -0.001730905729346, 0, 0.99999850988388, 0, -0.0097543336451054, 0, 0.00041206358582713, 1, },
		{ 0.99997800588608, 0, 0.0066264676861465, 0, 0, 1, 0, 0, -0.0066264676861465, 0, 0.99997800588608, 0, -0.035466611385345, 0, 0.00059211731422693, 1, },
		{ 0.99989855289459, 0, 0.014240677468479, 0, 0, 1, 0, 0, -0.014240677468479, 0, 0.99989855289459, 0, -0.071836397051811, 0, 0.00061721802921966, 1, },
		{ 0.99970883131027, 0, 0.024126823991537, 0, 0, 1, 0, 0, -0.024126823991537, 0, 0.99970883131027, 0, -0.11356643587351, 0, 0.00093605037545785, 1, },
		{ 0.99935764074326, 0, 0.035837192088366, 0, 0, 1, 0, 0, -0.035837192088366, 0, 0.99935764074326, 0, -0.15535064041615, 0, 0.0012541961623356, 1, },
		{ 0.99881112575531, 0, 0.048747312277555, 0, 0, 1, 0, 0, -0.048747312277555, 0, 0.99881112575531, 0, -0.19258406758308, 0, 0.0014037704095244, 1, },
		{ 0.99810522794724, 0, 0.061530105769634, 0, 0, 1, 0, 0, -0.061530105769634, 0, 0.99810522794724, 0, -0.22346618771553, 0, 0.0016456985613331, 1, },
		{ 0.99735486507416, 0, 0.072686359286308, 0, 0, 1, 0, 0, -0.072686359286308, 0, 0.99735486507416, 0, -0.24688322842121, 0, 0.0012455367250368, 1, },
		{ 0.99673664569855, 0, 0.080721832811832, 0, 0, 1, 0, 0, -0.080721832811832, 0, 0.99673664569855, 0, -0.26174208521843, 0, 0.0009698485955596, 1, },
		{ 0.99645340442657, 0, 0.084145590662956, 0, 0, 1, 0, 0, -0.084145590662956, 0, 0.99645340442657, 0, -0.26693999767303, 0, 0.00083461758913472, 1, },
		{ 0.99641066789627, 0, 0.084650628268719, 0, 0, 1, 0, 0, -0.084650628268719, 0, 0.99641066789627, 0, -0.26645278930664, 0, 0.00078201293945313, 1, },
		{ 0.99638456106186, 0, 0.084956929087639, 0, 0, 1, 0, 0, -0.084956929087639, 0, 0.99638456106186, 0, -0.26596558094025, 0, 0.00072940823156387, 1, },
		{ 0.99637115001678, 0, 0.085114233195782, 0, 0, 1, 0, 0, -0.085114233195782, 0, 0.99637115001678, 0, -0.26547819375992, 0, 0.00067680358188227, 1, },
		{ 0.99636548757553, 0, 0.085180468857288, 0, 0, 1, 0, 0, -0.085180468857288, 0, 0.99636548757553, 0, -0.26450392603874, 0, 0.00057163235032931, 1, },
		{ 0.99680519104004, 0, 0.079871527850628, 0, 0, 1, 0, 0, -0.079871527850628, 0, 0.99680519104004, 0, -0.25849288702011, 0, 0.00059940334176645, 1, },
		{ 0.99775278568268, 0, 0.067001268267632, 0, 0, 1, 0, 0, -0.067001268267632, 0, 0.99775278568268, 0, -0.24442794919014, 0, 0.00074420927558094, 1, },
		{ 0.99869042634964, 0, 0.051159918308258, 0, 0, 1, 0, 0, -0.051159918308258, 0, 0.99869042634964, 0, -0.2238821387291, 0, 0.00098320003598928, 1, },
		{ 0.99931693077087, 0, 0.036954671144485, 0, 0, 1, 0, 0, -0.036954671144485, 0, 0.99931693077087, 0, -0.19842879474163, 0, 0.0012936019338667, 1, },
		{ 0.99957931041718, 0, 0.029003987088799, 0, 0, 1, 0, 0, -0.029003987088799, 0, 0.99957931041718, 0, -0.16964080929756, 0, 0.0016524887178093, 1, },
		{ 0.99965316057205, 0, 0.026333279907703, 0, 0, 1, 0, 0, -0.026333279907703, 0, 0.99965316057205, 0, -0.13885879516602, 0, 0.0020403289236128, 1, },
		{ 0.99969458580017, 0, 0.024713246151805, 0, 0, 1, 0, 0, -0.024713246151805, 0, 0.99969458580017, 0, -0.10647750645876, 0, 0.0012621688656509, 1, },
		{ 0.99971479177475, 0, 0.023881312459707, 0, 0, 1, 0, 0, -0.023881312459707, 0, 0.99971479177475, 0, -0.072692260146141, 0, 0.00042633054545149, 1, },
		{ 0.99972206354141, 0, 0.023574804887176, 0, 0, 1, 0, 0, -0.023574804887176, 0, 0.99972206354141, 0, -0.037687681615353, 0, -0.00011856079072459, 1, },
		{ 0.99972307682037, 0, 0.023531021550298, 0, 0, 1, 0, 0, -0.023531021550298, 0, 0.99972307682037, 0, -0.0016552733723074, 0, 0.00045085905003361, 1, },
		{ 0.99964207410812, 0, 0.026751117780805, 0, 0, 1, 0, 0, -0.026751117780805, 0, 0.99964207410812, 0, 0.035196226090193, 0, 0.0010322189191356, 1, },
		{ 0.99936807155609, 0, 0.035544708371162, 0, 0, 1, 0, 0, -0.035544708371162, 0, 0.99936807155609, 0, 0.072441101074219, 0, 0.0028747175820172, 1, },
		{ 0.99881786108017, 0, 0.048609469085932, 0, 0, 1, 0, 0, -0.048609469085932, 0, 0.99881786108017, 0, 0.10963866859674, 0, 0.0051068877801299, 1, },
		{ 0.99790859222412, 0, 0.064640328288078, 0, 0, 1, 0, 0, -0.064640328288078, 0, 0.99790859222412, 0, 0.14634124934673, 0, 0.0073318481445313, 1, },
		{ 0.99660491943359, 0, 0.082331083714962, 0, 0, 1, 0, 0, -0.082331083714962, 0, 0.99660491943359, 0, 0.18210083246231, 0, 0.0091528315097094, 1, },
		{ 0.99495452642441, 0, 0.10032700002193, 0, 0, 1, 0, 0, -0.10032700002193, 0, 0.99495452642441, 0, 0.21616972982883, 0, 0.010285643860698, 1, },
		{ 0.99312269687653, 0, 0.117077216506, 0, 0, 1, 0, 0, -0.117077216506, 0, 0.99312269687653, 0, 0.24658477306366, 0, 0.011365355923772, 1, },
		{ 0.99138337373734, 0, 0.13099235296249, 0, 0, 1, 0, 0, -0.13099235296249, 0, 0.99138337373734, 0, 0.27110657095909, 0, 0.011562500149012, 1, },
		{ 0.99008136987686, 0, 0.14049488306046, 0, 0, 1, 0, 0, -0.14049488306046, 0, 0.99008136987686, 0, 0.28747192025185, 0, 0.01164108235389, 1, },
		{ 0.98957586288452, 0, 0.14401260018349, 0, 0, 1, 0, 0, -0.14401260018349, 0, 0.98957586288452, 0, 0.29342925548553, 0, 0.011568297632039, 1, },
		{ 0.98958957195282, 0, 0.14391818642616, 0, 0, 1, 0, 0, -0.14391818642616, 0, 0.98958957195282, 0, 0.29211547970772, 0, 0.011389846913517, 1, },
		{ 0.98968547582626, 0, 0.14325726032257, 0, 0, 1, 0, 0, -0.14325726032257, 0, 0.98968547582626, 0, 0.29080137610435, 0, 0.011211318895221, 1, },
		{ 0.98994344472885, 0, 0.14146296679974, 0, 0, 1, 0, 0, -0.14146296679974, 0, 0.98994344472885, 0, 0.28948760032654, 0, 0.011032867245376, 1, },
		{ 0.99043679237366, 0, 0.13796737790108, 0, 0, 1, 0, 0, -0.13796737790108, 0, 0.99043679237366, 0, 0.2881735265255, 0, 0.010854415595531, 1, },
		{ 0.9912229180336, 0, 0.13220071792603, 0, 0, 1, 0, 0, -0.13220071792603, 0, 0.9912229180336, 0, 0.28685972094536, 0, 0.010675925761461, 1, },
		{ 0.99248325824738, 0, 0.12238059192896, 0, 0, 1, 0, 0, -0.12238059192896, 0, 0.99248325824738, 0, 0.27997437119484, 0, 0.010197219438851, 1, },
		{ 0.99413979053497, 0, 0.1081015765667, 0, 0, 1, 0, 0, -0.1081015765667, 0, 0.99413979053497, 0, 0.26666837930679, 0, 0.0096251675859094, 1, },
		{ 0.99586343765259, 0, 0.09086225181818, 0, 0, 1, 0, 0, -0.09086225181818, 0, 0.99586343765259, 0, 0.24614165723324, 0, 0.0089481733739376, 1, },
		{ 0.99739217758179, 0, 0.072172537446022, 0, 0, 1, 0, 0, -0.072172537446022, 0, 0.99739217758179, 0, 0.21759703755379, 0, 0.0078813172876835, 1, },
		{ 0.99856489896774, 0, 0.0535540394485, 0, 0, 1, 0, 0, -0.0535540394485, 0, 0.99856489896774, 0, 0.18022918701172, 0, 0.0066861342638731, 1, },
		{ 0.99933671951294, 0, 0.036415722221136, 0, 0, 1, 0, 0, -0.036415722221136, 0, 0.99933671951294, 0, 0.13457794487476, 0, 0.0050375363789499, 1, },
		{ 0.99976480007172, 0, 0.021686362102628, 0, 0, 1, 0, 0, -0.021686362102628, 0, 0.99976480007172, 0, 0.086517333984375, 0, 0.0032601547427475, 1, },
		{ 0.99994820356369, 0, 0.010172159411013, 0, 0, 1, 0, 0, -0.010172159411013, 0, 0.99994820356369, 0, 0.043258361518383, 0, 0.0017712020780891, 1, },
		{ 0.99999642372131, 0, 0.0026763835921884, 0, 0, 1, 0, 0, -0.0026763835921884, 0, 0.99999642372131, 0, 0.012016600929201, 0, 0.00045703887008131, 1, },
		{ 1, 0, 0, 0, 0, 1, 0, 0, 0, 0, 1, 0, 3.0517577442879e-07, 0, 3.8146971803599e-08, 1, },
	},
}
end
