function data()
return {
	times = { 0, 41.667, 83.333, 125, 166.667, 208.333, 250, 291.667, 333.333, 375, 416.667, 458.333, 500, 541.667, 583.333, 625, 666.667, 708.333, 750, 791.667, 833.333, 875, 916.667, 958.333, 1000, 1041.667, 1083.333, 1125, 1166.667, 1208.333, 1250, 1291.667, 1333.333, 1375, 1416.667, 1458.333, 1500, 1541.667, 1583.333, 1625, 1666.667, 1708.333, 1750, 1791.667, 1833.333, 1875, 1916.667, 1958.333, 2000, 2041.667, 2083.333, 2125, 2166.667, 2208.333, 2250, 2291.667, 2333.333, 2375, 2416.667, 2458.333, 2500, 2541.667, 2583.333, 2625, 2666.667, 2708.333, 2750, 2791.667, 2833.333, 2875, 2916.667, 2958.333, 3000, 3041.667, 3083.333, 3125, 3166.667, 3208.333, 3250, 3291.667, 3333.333, 3375, 3416.667, 3458.333, 3500, 3541.667, 3583.333, 3625, 3666.667, 3708.333, 3750, 3791.667, 3833.333, 3875, 3916.667, 3958.333, 4000, 4041.667, 4083.333, 4125, 4166.667, },
	transfs = {
		{ 1, 0, 0, 0, 0, 1, 0, 0, 0, 0, 1, 0, 0, 7.6293943607197e-08, 0, 1, },
		{ 1, 0, -1.7410375221516e-05, 0, 0, 1, 0, 0, 1.7410375221516e-05, 0, 1, 0, -0.016707533970475, 7.6293943607197e-08, 0.00075664516771212, 1, },
		{ 1, 0, -0.00013928441330791, 0, 0, 1, 0, 0, 0.00013928441330791, 0, 1, 0, -0.033420104533434, 7.6293943607197e-08, 0.0030103682074696, 1, },
		{ 0.99999988079071, 0, -0.00047008134424686, 0, 0, 1, 0, 0, 0.00047008134424686, 0, 0.99999988079071, 0, -0.050137177109718, 7.6293943607197e-08, 0.006565704010427, 1, },
		{ 0.99999940395355, 0, -0.0011142682051286, 0, 0, 1, 0, 0, 0.0011142682051286, 0, 0.99999940395355, 0, -0.066858135163784, 7.6293943607197e-08, 0.011226920410991, 1, },
		{ 0.99999767541885, 0, -0.002176302485168, 0, 0, 1, 0, 0, 0.002176302485168, 0, 0.99999767541885, 0, -0.083582073450089, 7.6293943607197e-08, 0.016798401251435, 1, },
		{ 0.99999260902405, 0, -0.003832656191662, 0, 0, 1, 0, 0, 0.003832656191662, 0, 0.99999260902405, 0, -0.10479392856359, 7.6293943607197e-08, 0.02311653085053, 1, },
		{ 0.99998146295547, 0, -0.0060959542170167, 0, 0, 1, 0, 0, 0.0060959542170167, 0, 0.99998146295547, 0, -0.12406867742538, 7.6293943607197e-08, 0.030244253575802, 1, },
		{ 0.99996101856232, 0, -0.0088248876854777, 0, 0, 1, 0, 0, 0.0088248876854777, 0, 0.99996101856232, 0, -0.14170509576797, 7.6293943607197e-08, 0.038268700242043, 1, },
		{ 0.99992948770523, 0, -0.011878116056323, 0, 0, 1, 0, 0, 0.011878116056323, 0, 0.99992948770523, 0, -0.15800200402737, 7.6293943607197e-08, 0.047277372330427, 1, },
		{ 0.99988579750061, 0, -0.015114325098693, 0, 0, 1, 0, 0, 0.015114325098693, 0, 0.99988579750061, 0, -0.1732579022646, 7.6293943607197e-08, 0.057357367128134, 1, },
		{ 0.99983018636703, 0, -0.018424700945616, 0, 0, 1, 0, 0, 0.018424700945616, 0, 0.99983018636703, 0, -0.18771597743034, 7.6293943607197e-08, 0.068557813763618, 1, },
		{ 0.99976164102554, 0, -0.021830521523952, 0, 0, 1, 0, 0, 0.021830521523952, 0, 0.99976164102554, 0, -0.20139686763287, 7.6293943607197e-08, 0.08077522367239, 1, },
		{ 0.9996777176857, 0, -0.025385521352291, 0, 0, 1, 0, 0, 0.025385521352291, 0, 0.9996777176857, 0, -0.21426574885845, 7.6293943607197e-08, 0.093867756426334, 1, },
		{ 0.99957519769669, 0, -0.02914347499609, 0, 0, 1, 0, 0, 0.02914347499609, 0, 0.99957519769669, 0, -0.22628752887249, 7.6293943607197e-08, 0.10769389569759, 1, },
		{ 0.99945014715195, 0, -0.033158026635647, 0, 0, 1, 0, 0, 0.033158026635647, 0, 0.99945014715195, 0, -0.23742744326591, 7.6293943607197e-08, 0.12211177498102, 1, },
		{ 0.99929797649384, 0, -0.037464492022991, 0, 0, 1, 0, 0, 0.037464492022991, 0, 0.99929797649384, 0, -0.24765303730965, 7.6293943607197e-08, 0.13700622320175, 1, },
		{ 0.99911659955978, 0, -0.04202464595437, 0, 0, 1, 0, 0, 0.04202464595437, 0, 0.99911659955978, 0, -0.25694206357002, 7.6293943607197e-08, 0.15236766636372, 1, },
		{ 0.99890512228012, 0, -0.046781916171312, 0, 0, 1, 0, 0, 0.046781916171312, 0, 0.99890512228012, 0, -0.26527532935143, 7.6293943607197e-08, 0.16821265220642, 1, },
		{ 0.99866372346878, 0, -0.051679741591215, 0, 0, 1, 0, 0, 0.051679741591215, 0, 0.99866372346878, 0, -0.27263298630714, 7.6293943607197e-08, 0.1845581382513, 1, },
		{ 0.99839335680008, 0, -0.056661572307348, 0, 0, 1, 0, 0, 0.056661572307348, 0, 0.99839335680008, 0, -0.27899581193924, 7.6293943607197e-08, 0.2014207392931, 1, },
		{ 0.99809616804123, 0, -0.061676610261202, 0, 0, 1, 0, 0, 0.061676610261202, 0, 0.99809616804123, 0, -0.28433746099472, 7.6293943607197e-08, 0.21880470216274, 1, },
		{ 0.99777334928513, 0, -0.066696859896183, 0, 0, 1, 0, 0, 0.066696859896183, 0, 0.99777334928513, 0, -0.28860694169998, 7.6293943607197e-08, 0.23666313290596, 1, },
		{ 0.9974262714386, 0, -0.071699999272823, 0, 0, 1, 0, 0, 0.071699999272823, 0, 0.9974262714386, 0, -0.29174652695656, 7.6293943607197e-08, 0.25493675470352, 1, },
		{ 0.99705702066422, 0, -0.076663799583912, 0, 0, 1, 0, 0, 0.076663799583912, 0, 0.99705702066422, 0, -0.29307562112808, 7.6293943607197e-08, 0.27356788516045, 1, },
		{ 0.99666786193848, 0, -0.081566028296947, 0, 0, 1, 0, 0, 0.081566028296947, 0, 0.99666786193848, 0, -0.29440572857857, 7.6293943607197e-08, 0.29249083995819, 1, },
		{ 0.99626088142395, 0, -0.086395099759102, 0, 0, 1, 0, 0, 0.086395099759102, 0, 0.99626088142395, 0, -0.29373061656952, 7.6293943607197e-08, 0.31162399053574, 1, },
		{ 0.99583429098129, 0, -0.091181732714176, 0, 0, 1, 0, 0, 0.091181732714176, 0, 0.99583429098129, 0, -0.29167342185974, 7.6293943607197e-08, 0.33076018095016, 1, },
		{ 0.99538445472717, 0, -0.095967210829258, 0, 0, 1, 0, 0, 0.095967210829258, 0, 0.99538445472717, 0, -0.2883817255497, 7.6293943607197e-08, 0.3496652841568, 1, },
		{ 0.99490749835968, 0, -0.10079275816679, 0, 0, 1, 0, 0, 0.10079275816679, 0, 0.99490749835968, 0, -0.28400328755379, 7.6293943607197e-08, 0.36810532212257, 1, },
		{ 0.99439817667007, 0, -0.10569945722818, 0, 0, 1, 0, 0, 0.10569945722818, 0, 0.99439817667007, 0, -0.27868622541428, 7.6293943607197e-08, 0.38584572076797, 1, },
		{ 0.99385362863541, 0, -0.11070246994495, 0, 0, 1, 0, 0, 0.11070246994495, 0, 0.99385362863541, 0, -0.27254456281662, 7.6293943607197e-08, 0.40271362662315, 1, },
		{ 0.99328261613846, 0, -0.11571339517832, 0, 0, 1, 0, 0, 0.11571339517832, 0, 0.99328261613846, 0, -0.26555991172791, 7.6293943607197e-08, 0.41877973079681, 1, },
		{ 0.99269896745682, 0, -0.12061807513237, 0, 0, 1, 0, 0, 0.12061807513237, 0, 0.99269896745682, 0, -0.25768065452576, 7.6293943607197e-08, 0.43417608737946, 1, },
		{ 0.99211859703064, 0, -0.12530282139778, 0, 0, 1, 0, 0, 0.12530282139778, 0, 0.99211859703064, 0, -0.24885542690754, 7.6293943607197e-08, 0.44903486967087, 1, },
		{ 0.99155932664871, 0, -0.12965404987335, 0, 0, 1, 0, 0, 0.12965404987335, 0, 0.99155932664871, 0, -0.23903243243694, 7.6293943607197e-08, 0.46348798274994, 1, },
		{ 0.99103701114655, 0, -0.13358794152737, 0, 0, 1, 0, 0, 0.13358794152737, 0, 0.99103701114655, 0, -0.22816634178162, 7.6293943607197e-08, 0.4776174724102, 1, },
		{ 0.99055188894272, 0, -0.13713853061199, 0, 0, 1, 0, 0, 0.13713853061199, 0, 0.99055188894272, 0, -0.21623802185059, 7.6293943607197e-08, 0.49130636453629, 1, },
		{ 0.99009925127029, 0, -0.14036917686462, 0, 0, 1, 0, 0, 0.14036917686462, 0, 0.99009925127029, 0, -0.2032346278429, 7.6293943607197e-08, 0.50438702106476, 1, },
		{ 0.98967307806015, 0, -0.14334310591221, 0, 0, 1, 0, 0, 0.14334310591221, 0, 0.98967307806015, 0, -0.18914337456226, 7.6293943607197e-08, 0.51669305562973, 1, },
		{ 0.98926639556885, 0, -0.14612326025963, 0, 0, 1, 0, 0, 0.14612326025963, 0, 0.98926639556885, 0, -0.17395141720772, 7.6293943607197e-08, 0.52805656194687, 1, },
		{ 0.98887348175049, 0, -0.14875918626785, 0, 0, 1, 0, 0, 0.14875918626785, 0, 0.98887348175049, 0, -0.1576961427927, 7.6293943607197e-08, 0.53835117816925, 1, },
		{ 0.98849606513977, 0, -0.15124590694904, 0, 0, 1, 0, 0, 0.15124590694904, 0, 0.98849606513977, 0, -0.14061599969864, 7.6293943607197e-08, 0.54760998487473, 1, },
		{ 0.98813855648041, 0, -0.15356497466564, 0, 0, 1, 0, 0, 0.15356497466564, 0, 0.98813855648041, 0, -0.12299926578999, 7.6293943607197e-08, 0.55590707063675, 1, },
		{ 0.98780465126038, 0, -0.15569792687893, 0, 0, 1, 0, 0, 0.15569792687893, 0, 0.98780465126038, 0, -0.10513442754745, 7.6293943607197e-08, 0.56331604719162, 1, },
		{ 0.98749881982803, 0, -0.15762636065483, 0, 0, 1, 0, 0, 0.15762636065483, 0, 0.98749881982803, 0, -0.087310180068016, 7.6293943607197e-08, 0.56991046667099, 1, },
		{ 0.98722606897354, 0, -0.15932546555996, 0, 0, 1, 0, 0, 0.15932546555996, 0, 0.98722606897354, 0, -0.069743879139423, 7.6293943607197e-08, 0.57571935653687, 1, },
		{ 0.98699593544006, 0, -0.16074523329735, 0, 0, 1, 0, 0, 0.16074523329735, 0, 0.98699593544006, 0, -0.052368622273207, 7.6293943607197e-08, 0.58059173822403, 1, },
		{ 0.98681879043579, 0, -0.16182924807072, 0, 0, 1, 0, 0, 0.16182924807072, 0, 0.98681879043579, 0, -0.035047072917223, 7.6293943607197e-08, 0.5843318104744, 1, },
		{ 0.98670506477356, 0, -0.1625210493803, 0, 0, 1, 0, 0, 0.1625210493803, 0, 0.98670506477356, 0, -0.017641296610236, 7.6293943607197e-08, 0.58674377202988, 1, },
		{ 0.98670029640198, 0, -0.1625500023365, 0, 0, 1, 0, 0, 0.1625500023365, 0, 0.98670029640198, 0, -1.1062621524616e-05, 7.6293943607197e-08, 0.58684319257736, 1, },
		{ 0.98669546842575, 0, -0.16257892549038, 0, 0, 1, 0, 0, 0.16257892549038, 0, 0.98669546842575, 0, 0.01792442239821, 7.6293943607197e-08, 0.58694356679916, 1, },
		{ 0.9867861866951, 0, -0.16202762722969, 0, 0, 1, 0, 0, 0.16202762722969, 0, 0.9867861866951, 0, 0.036067809909582, 7.6293943607197e-08, 0.58484822511673, 1, },
		{ 0.98693519830704, 0, -0.16111721098423, 0, 0, 1, 0, 0, 0.16111721098423, 0, 0.98693519830704, 0, 0.05426261946559, 7.6293943607197e-08, 0.58148247003555, 1, },
		{ 0.98714065551758, 0, -0.15985436737537, 0, 0, 1, 0, 0, 0.15985436737537, 0, 0.98714065551758, 0, 0.072355419397354, 7.6293943607197e-08, 0.57698327302933, 1, },
		{ 0.98739975690842, 0, -0.15824580192566, 0, 0, 1, 0, 0, 0.15824580192566, 0, 0.98739975690842, 0, 0.09019210934639, 7.6293943607197e-08, 0.5714870095253, 1, },
		{ 0.98770868778229, 0, -0.15630601346493, 0, 0, 1, 0, 0, 0.15630601346493, 0, 0.98770868778229, 0, 0.10763259977102, 7.6293943607197e-08, 0.56510847806931, 1, },
		{ 0.9880582690239, 0, -0.15408037602901, 0, 0, 1, 0, 0, 0.15408037602901, 0, 0.9880582690239, 0, 0.12458839267492, 7.6293943607197e-08, 0.55787217617035, 1, },
		{ 0.98843854665756, 0, -0.15162213146687, 0, 0, 1, 0, 0, 0.15162213146687, 0, 0.98843854665756, 0, 0.14098507165909, 7.6293943607197e-08, 0.54978078603745, 1, },
		{ 0.98883956670761, 0, -0.14898438751698, 0, 0, 1, 0, 0, 0.14898438751698, 0, 0.98883956670761, 0, 0.15674743056297, 7.6293943607197e-08, 0.54083687067032, 1, },
		{ 0.98925203084946, 0, -0.14622065424919, 0, 0, 1, 0, 0, 0.14622065424919, 0, 0.98925203084946, 0, 0.17180064320564, 7.6293943607197e-08, 0.53104275465012, 1, },
		{ 0.98967009782791, 0, -0.14336362481117, 0, 0, 1, 0, 0, 0.14336362481117, 0, 0.98967009782791, 0, 0.18608272075653, 7.6293943607197e-08, 0.52039468288422, 1, },
		{ 0.99010002613068, 0, -0.14036379754543, 0, 0, 1, 0, 0, 0.14036379754543, 0, 0.99010002613068, 0, 0.19958251714706, 7.6293943607197e-08, 0.50886243581772, 1, },
		{ 0.99055010080338, 0, -0.13715089857578, 0, 0, 1, 0, 0, 0.13715089857578, 0, 0.99055010080338, 0, 0.21230201423168, 7.6293943607197e-08, 0.49640974402428, 1, },
		{ 0.99102789163589, 0, -0.13365468382835, 0, 0, 1, 0, 0, 0.13365468382835, 0, 0.99102789163589, 0, 0.22424300014973, 7.6293943607197e-08, 0.48299995064735, 1, },
		{ 0.99153953790665, 0, -0.12980446219444, 0, 0, 1, 0, 0, 0.12980446219444, 0, 0.99153953790665, 0, 0.23540744185448, 7.6293943607197e-08, 0.46859648823738, 1, },
		{ 0.99208623170853, 0, -0.12555885314941, 0, 0, 1, 0, 0, 0.12555885314941, 0, 0.99208623170853, 0, 0.24578124284744, 7.6293943607197e-08, 0.45320776104927, 1, },
		{ 0.99265331029892, 0, -0.1209928765893, 0, 0, 1, 0, 0, 0.1209928765893, 0, 0.99265331029892, 0, 0.25528731942177, 7.6293943607197e-08, 0.43702140450478, 1, },
		{ 0.99322462081909, 0, -0.11621094495058, 0, 0, 1, 0, 0, 0.11621094495058, 0, 0.99322462081909, 0, 0.26383265852928, 7.6293943607197e-08, 0.42026969790459, 1, },
		{ 0.99378490447998, 0, -0.111317679286, 0, 0, 1, 0, 0, 0.111317679286, 0, 0.99378490447998, 0, 0.27132427692413, 7.6293943607197e-08, 0.40318495035172, 1, },
		{ 0.99432152509689, 0, -0.10641809552908, 0, 0, 1, 0, 0, 0.10641809552908, 0, 0.99432152509689, 0, 0.27766928076744, 7.6293943607197e-08, 0.38599935173988, 1, },
		{ 0.9948263168335, 0, -0.10159073770046, 0, 0, 1, 0, 0, 0.10159073770046, 0, 0.9948263168335, 0, 0.28279703855515, 7.6293943607197e-08, 0.36888733506203, 1, },
		{ 0.99530303478241, 0, -0.096807986497879, 0, 0, 1, 0, 0, 0.096807986497879, 0, 0.99530303478241, 0, 0.28672671318054, 7.6293943607197e-08, 0.35179054737091, 1, },
		{ 0.99575752019882, 0, -0.092015638947487, 0, 0, 1, 0, 0, 0.092015638947487, 0, 0.99575752019882, 0, 0.28949975967407, 7.6293943607197e-08, 0.33459234237671, 1, },
		{ 0.99619442224503, 0, -0.087159350514412, 0, 0, 1, 0, 0, 0.087159350514412, 0, 0.99619442224503, 0, 0.29115775227547, 7.6293943607197e-08, 0.31717652082443, 1, },
		{ 0.99661713838577, 0, -0.082184657454491, 0, 0, 1, 0, 0, 0.082184657454491, 0, 0.99661713838577, 0, 0.29126110672951, 7.6293943607197e-08, 0.2994244992733, 1, },
		{ 0.99702680110931, 0, -0.077055379748344, 0, 0, 1, 0, 0, 0.077055379748344, 0, 0.99702680110931, 0, 0.29136580228806, 7.6293943607197e-08, 0.28126960992813, 1, },
		{ 0.99741834402084, 0, -0.07180891931057, 0, 0, 1, 0, 0, 0.07180891931057, 0, 0.99741834402084, 0, 0.29004454612732, 7.6293943607197e-08, 0.26281234622002, 1, },
		{ 0.99778634309769, 0, -0.066501066088676, 0, 0, 1, 0, 0, 0.066501066088676, 0, 0.99778634309769, 0, 0.28767529129982, 7.6293943607197e-08, 0.24420349299908, 1, },
		{ 0.99812626838684, 0, -0.061187665909529, 0, 0, 1, 0, 0, 0.061187665909529, 0, 0.99812626838684, 0, 0.28415432572365, 7.6293943607197e-08, 0.22559237480164, 1, },
		{ 0.99843496084213, 0, -0.055924732238054, 0, 0, 1, 0, 0, 0.055924732238054, 0, 0.99843496084213, 0, 0.27937841415405, 7.6293943607197e-08, 0.20712833106518, 1, },
		{ 0.99871063232422, 0, -0.050764802843332, 0, 0, 1, 0, 0, 0.050764802843332, 0, 0.99871063232422, 0, 0.27327853441238, 7.6293943607197e-08, 0.18896026909351, 1, },
		{ 0.99895310401917, 0, -0.045746453106403, 0, 0, 1, 0, 0, 0.045746453106403, 0, 0.99895310401917, 0, 0.26592350006104, 7.6293943607197e-08, 0.17123576998711, 1, },
		{ 0.99916297197342, 0, -0.040904812514782, 0, 0, 1, 0, 0, 0.040904812514782, 0, 0.99916297197342, 0, 0.25741672515869, 7.6293943607197e-08, 0.15410186350346, 1, },
		{ 0.99934178590775, 0, -0.036274965852499, 0, 0, 1, 0, 0, 0.036274965852499, 0, 0.99934178590775, 0, 0.24786135554314, 7.6293943607197e-08, 0.13770553469658, 1, },
		{ 0.99949127435684, 0, -0.031892042607069, 0, 0, 1, 0, 0, 0.031892042607069, 0, 0.99949127435684, 0, 0.23736076056957, 7.6293943607197e-08, 0.12219405919313, 1, },
		{ 0.99961394071579, 0, -0.027785306796432, 0, 0, 1, 0, 0, 0.027785306796432, 0, 0.99961394071579, 0, 0.22601646184921, 7.6293943607197e-08, 0.10767768323421, 1, },
		{ 0.99971294403076, 0, -0.023960825055838, 0, 0, 1, 0, 0, 0.023960825055838, 0, 0.99971294403076, 0, 0.21392294764519, 7.6293943607197e-08, 0.094120293855667, 1, },
		{ 0.99979156255722, 0, -0.020418811589479, 0, 0, 1, 0, 0, 0.020418811589479, 0, 0.99979156255722, 0, 0.20117251574993, 7.6293943607197e-08, 0.081448823213577, 1, },
		{ 0.99985271692276, 0, -0.017159471288323, 0, 0, 1, 0, 0, 0.017159471288323, 0, 0.99985271692276, 0, 0.18785823881626, 7.6293943607197e-08, 0.069590337574482, 1, },
		{ 0.99989938735962, 0, -0.014182955957949, 0, 0, 1, 0, 0, 0.014182955957949, 0, 0.99989938735962, 0, 0.174072265625, 7.6293943607197e-08, 0.058471944183111, 1, },
		{ 0.99993401765823, 0, -0.011489424854517, 0, 0, 1, 0, 0, 0.011489424854517, 0, 0.99993401765823, 0, 0.15980231761932, 7.6293943607197e-08, 0.048050954937935, 1, },
		{ 0.99995881319046, 0, -0.0090790065005422, 0, 0, 1, 0, 0, 0.0090790065005422, 0, 0.99995881319046, 0, 0.14461527764797, 7.6293943607197e-08, 0.03840583562851, 1, },
		{ 0.99997586011887, 0, -0.0069518215022981, 0, 0, 1, 0, 0, 0.0069518215022981, 0, 0.99997586011887, 0, 0.12797287106514, 7.6293943607197e-08, 0.029645308852196, 1, },
		{ 0.99998694658279, 0, -0.0051079709082842, 0, 0, 1, 0, 0, 0.0051079709082842, 0, 0.99998694658279, 0, 0.10933692753315, 7.6293943607197e-08, 0.021878242492676, 1, },
		{ 0.99999362230301, 0, -0.0035475469194353, 0, 0, 1, 0, 0, 0.0035475469194353, 0, 0.99999362230301, 0, 0.088169097900391, 7.6293943607197e-08, 0.015213279053569, 1, },
		{ 0.99999737739563, 0, -0.0022706487216055, 0, 0, 1, 0, 0, 0.0022706487216055, 0, 0.99999737739563, 0, 0.064527049660683, 7.6293943607197e-08, 0.0097414012998343, 1, },
		{ 0.99999922513962, 0, -0.0012773629277945, 0, 0, 1, 0, 0, 0.0012773629277945, 0, 0.99999922513962, 0, 0.040852125734091, 7.6293943607197e-08, 0.0054822922684252, 1, },
		{ 0.99999976158142, 0, -0.00056777126155794, 0, 0, 1, 0, 0, 0.00056777126155794, 0, 0.99999976158142, 0, 0.020181274041533, 7.6293943607197e-08, 0.0024378586094826, 1, },
		{ 1, 0, -0.00014195684343576, 0, 0, 1, 0, 0, 0.00014195684343576, 0, 1, 0, 0.0055515286512673, 7.6293943607197e-08, 0.00060981750721112, 1, },
		{ 1, 0, 0, 0, 0, 1, 0, 0, 0, 0, 1, 0, 0, 7.6293943607197e-08, 0, 1, },
	},
}
end
