function data()
return {
	times = { 0, 41.667, 83.333, 125, 166.667, 208.333, 250, 291.667, 333.333, 375, 416.667, 458.333, 500, 541.667, 583.333, 625, 666.667, 708.333, 750, 791.667, 833.333, 875, 916.667, 958.333, 1000, 1041.667, 1083.333, 1125, 1166.667, 1208.333, 1250, 1291.667, 1333.333, 1375, 1416.667, 1458.333, 1500, 1541.667, 1583.333, 1625, 1666.667, 1708.333, 1750, 1791.667, 1833.333, 1875, 1916.667, 1958.333, 2000, 2041.667, 2083.333, },
	transfs = {
		{ 1, 0, -2.5014547881556e-16, 0, 0, 1, 0, 0, -2.5014547881556e-16, 0, 1, 0, 3.0517577442879e-07, -4.7683714754498e-09, 3.8146971803599e-08, 1, },
		{ 0.99994045495987, 8.295941711367e-11, -0.010911673307419, 0, -8.6789242459417e-11, 1, -3.5044589452582e-10, 0, 0.010911673307419, 3.5137270870678e-10, 0.99994045495987, 0, -0.00064361572731286, -4.7683714754498e-09, 0.00025493622524664, 1, },
		{ 0.99921423196793, 2.8302335475239e-10, -0.039634555578232, 0, -3.3356070683332e-10, 1, -1.2684989725287e-09, 0, 0.039634555578232, 1.2807235272305e-09, 0.99921423196793, 0, -0.0012875365791842, -4.7683714754498e-09, 0.00050983426626772, 1, },
		{ 0.99678605794907, 5.1976201120851e-10, -0.080109052360058, 0, -7.2647310389584e-10, 1, -2.5512365553482e-09, 0, 0.080109052360058, 2.6012343390391e-09, 0.99678605794907, 0, -0.0019311523064971, -4.7683714754498e-09, 0.00076473236549646, 1, },
		{ 0.99200224876404, 7.2459011013493e-10, -0.12622036039829, 0, -1.2389875791996e-09, 1, -3.9969241250049e-09, 0, 0.12622036039829, 4.1213428225717e-09, 0.99200224876404, 0, -0.0025750731583685, -4.7683714754498e-09, 0.001019706716761, 1, },
		{ 0.98511928319931, 8.5833207208452e-10, -0.17187206447124, 0, -1.8154330261311e-09, 1, -5.4115036896007e-09, 0, 0.17187206447124, 5.6429980688222e-09, 0.98511928319931, 0, -0.0032189940102398, -4.7683714754498e-09, 0.0012746048159897, 1, },
		{ 0.97728854417801, 9.1796076295836e-10, -0.21191316843033, 0, -2.3787174452394e-09, 1, -6.6382779273511e-09, 0, 0.21191316843033, 6.9915935263509e-09, 0.97728854417801, 0, -0.0038623046129942, -4.7683714754498e-09, 0.0015294265467674, 1, },
		{ 0.96962785720825, 9.2573060328505e-10, -0.24458476901054, 0, -2.8792079831419e-09, 1, -7.6293806827721e-09, 0, 0.24458476901054, 8.1018702857705e-09, 0.96962785720825, 0, -0.0045062256976962, -4.7683714754498e-09, 0.0017843246459961, 1, },
		{ 0.96313881874084, 9.0699714405673e-10, -0.26900485157967, 0, -3.2778402214717e-09, 1, -8.3642346382362e-09, 0, 0.26900485157967, 8.9376728240609e-09, 0.96313881874084, 0, -0.0051501463167369, -4.7683714754498e-09, 0.0020392227452248, 1, },
		{ 0.95873165130615, 8.8433793621334e-10, -0.28431230783463, 0, -3.5386378272051e-09, 1, -8.8222273930683e-09, 0, 0.28431230783463, 9.4642258474664e-09, 0.95873165130615, 0, -0.0057937619276345, -4.7683714754498e-09, 0.0022941208444536, 1, },
		{ 0.95714116096497, 8.7448626118203e-10, -0.28962182998657, 0, -3.6310880968671e-09, 1, -8.9806047043339e-09, 0, 0.28962182998657, 9.6473478095049e-09, 0.95714116096497, 0, -0.0064376830123365, -4.7683714754498e-09, 0.0025490187108517, 1, },
		{ 0.95718038082123, 8.7473850385322e-10, -0.28949218988419, 0, -3.6288181348709e-09, 1, -8.9767411282082e-09, 0, 0.28949218988419, 9.6428740548049e-09, 0.95718038082123, 0, -0.0070816036313772, -4.7683714754498e-09, 0.0028039168100804, 1, },
		{ 0.95745444297791, 8.764934888994e-10, -0.28858467936516, 0, -3.612944610154e-09, 1, -8.9496881017226e-09, 0, 0.28858467936516, 9.6115568837263e-09, 0.95745444297791, 0, -0.007725219707936, -4.7683714754498e-09, 0.0030588912777603, 1, },
		{ 0.95819383859634, 8.8109780582712e-10, -0.28612005710602, 0, -3.5699974088033e-09, 1, -8.8761789029945e-09, 0, 0.28612005710602, 9.5265466626415e-09, 0.95819383859634, 0, -0.010987243615091, -4.7683714754498e-09, 0.0043503949418664, 1, },
		{ 0.95961540937424, 8.8944668297231e-10, -0.28131514787674, 0, -3.4869014342576e-09, 1, -8.7327167719309e-09, 0, 0.28131514787674, 9.3609662243921e-09, 0.95961540937424, 0, -0.014249267056584, -4.7683714754498e-09, 0.0056418990716338, 1, },
		{ 0.96190667152405, 9.0138740915791e-10, -0.2733781337738, 0, -3.3514826469627e-09, 1, -8.4952889167766e-09, 0, 0.2733781337738, 9.0878966574337e-09, 0.96190667152405, 0, -0.017097778618336, -4.7683714754498e-09, 0.0067697521299124, 1, },
		{ 0.96561855077744, 9.1641538801923e-10, -0.2599630355835, 0, -3.127764713895e-09, 1, -8.0927451406865e-09, 0, 0.2599630355835, 8.6276070732083e-09, 0.96561855077744, 0, -0.019946288317442, -4.7683714754498e-09, 0.0078976061195135, 1, },
		{ 0.97079545259476, 9.2691010422641e-10, -0.23990894854069, 0, -2.8052937750545e-09, 1, -7.488091036123e-09, 0, 0.23990894854069, 7.942418278617e-09, 0.97079545259476, 0, -0.022530211135745, -4.7683714754498e-09, 0.0089207077398896, 1, },
		{ 0.97679144144058, 9.197052008858e-10, -0.21419239044189, 0, -2.4124309216944e-09, 1, -6.7077108312219e-09, 0, 0.21419239044189, 7.0687575792761e-09, 0.97679144144058, 0, -0.025114135816693, -4.7683714754498e-09, 0.0099437329918146, 1, },
		{ 0.98296189308167, 8.8180834856288e-10, -0.18380898237228, 0, -1.9776607018684e-09, 1, -5.7786038176744e-09, 0, 0.18380898237228, 6.0436593507518e-09, 0.98296189308167, 0, -0.027698058634996, -4.7683714754498e-09, 0.010966910980642, 1, },
		{ 0.98871791362762, 8.022951192288e-10, -0.14978913962841, 0, -1.5279333354101e-09, 1, -4.7293280402982e-09, 0, 0.14978913962841, 4.9048383132799e-09, 0.98871791362762, 0, -0.031471252441406, -4.7683714754498e-09, 0.012460899539292, 1, },
		{ 0.99358344078064, 6.7339556153456e-10, -0.11310103535652, 0, -1.0860928822964e-09, 1, -3.5873168879874e-09, 0, 0.11310103535652, 3.6871368180869e-09, 0.99358344078064, 0, -0.035244751721621, -4.7683714754498e-09, 0.01395496353507, 1, },
		{ 0.99723309278488, 4.8924420070762e-10, -0.074337542057037, 0, -6.6720318159241e-10, 1, -2.3691075767829e-09, 0, 0.074337542057037, 2.4121500352692e-09, 0.99723309278488, 0, -0.039372555911541, -4.7683714754498e-09, 0.015589255839586, 1, },
		{ 0.99942141771317, 2.4595792069704e-10, -0.034012973308563, 0, -2.8316904376879e-10, 1, -1.0893259627665e-09, 0, 0.034012973308563, 1.0983272069609e-09, 0.99942141771317, 0, -0.043500058352947, -4.7683714754498e-09, 0.017223548144102, 1, },
		{ 0.99997305870056, -5.7951865528594e-11, 0.0073393881320953, 0, 5.622524321125e-11, 1, 2.3623769607184e-10, 0, -0.0073393881320953, -2.3581844810217e-10, 0.99997305870056, 0, -0.04264434799552, -4.7683714754498e-09, 0.016884727403522, 1, },
		{ 0.99879026412964, -4.2139802758356e-10, 0.049174010753632, 0, 3.4359359801783e-10, 1, 1.5908016015587e-09, 0, -0.049174010753632, -1.5719816559567e-09, 0.99879026412964, 0, -0.041788328438997, -4.7683714754498e-09, 0.016545753926039, 1, },
		{ 0.99586063623428, -8.4011375633963e-10, 0.090892784297466, 0, 5.7388405139136e-10, 1, 2.9552262859056e-09, 0, -0.090892784297466, -2.8908324622989e-09, 0.99586063623428, 0, -0.040932312607765, -4.7683714754498e-09, 0.016206931322813, 1, },
		{ 0.99128848314285, -1.3046275171291e-09, 0.13170826435089, 0, 7.4432543462066e-10, 1, 4.3033798746706e-09, 0, -0.13170826435089, -4.1678571705006e-09, 0.99128848314285, 0, -0.040076293051243, -4.7683714754498e-09, 0.01586795784533, 1, },
		{ 0.98530489206314, -1.8011617752833e-09, 0.17080453038216, 0, 8.5600504462491e-10, 1, 5.6072217979874e-09, 0, -0.17080453038216, -5.3786148868085e-09, 0.98530489206314, 0, -0.039220578968525, -4.7683714754498e-09, 0.015529136173427, 1, },
		{ 0.97825741767883, -2.3124080428261e-09, 0.207394272089, 0, 9.1397106549707e-10, 1, 6.8387357998745e-09, 0, -0.207394272089, -6.5004903682109e-09, 0.97825741767883, 0, -0.038364563137293, -4.7683714754498e-09, 0.015190162695944, 1, },
		{ 0.97059243917465, -2.8181990074927e-09, 0.24072879552841, 0, 9.2675728202707e-10, 1, 7.9703621480576e-09, 0, -0.24072879552841, -7.5128756549248e-09, 0.97059243917465, 0, -0.037508849054575, -4.7683714754498e-09, 0.014851341024041, 1, },
		{ 0.96284598112106, -3.2953959561155e-09, 0.27005112171173, 0, 9.0572166433489e-10, 1, 8.9735978647809e-09, 0, -0.27005112171173, -8.3955997709495e-09, 0.96284598112106, 0, -0.033728331327438, -4.7683714754498e-09, 0.013354605995119, 1, },
		{ 0.95566540956497, -3.7161402843822e-09, 0.29445487260818, 0, 8.64620375296e-10, 1, 9.814254298135e-09, 0, -0.29445487260818, -9.1245517808147e-09, 0.95566540956497, 0, -0.029948119074106, -4.7683714754498e-09, 0.011857795529068, 1, },
		{ 0.94974648952484, -4.0508911780535e-09, 0.31302002072334, 0, 8.1868373191796e-10, 1, 1.0457331889313e-08, 0, -0.31302002072334, -9.6755510270441e-09, 0.94974648952484, 0, -0.025941466912627, -4.7683714754498e-09, 0.010271338745952, 1, },
		{ 0.94576925039291, -4.2707331004976e-09, 0.32483929395676, 0, 7.827125059201e-10, 1, 1.0868368427452e-08, 0, -0.32483929395676, -1.002470995104e-08, 0.94576925039291, 0, -0.021934814751148, -4.7683714754498e-09, 0.0086848828941584, 1, },
		{ 0.94433295726776, -4.3492143220192e-09, 0.32899108529091, 0, 7.6881789823346e-10, 1, 1.1013055356557e-08, 0, -0.32899108529091, -1.0147056528353e-08, 0.94433295726776, 0, -0.018270874395967, -4.7683714754498e-09, 0.0072343060746789, 1, },
		{ 0.94457232952118, -4.3361687573906e-09, 0.32830339670181, 0, 7.71166186464e-10, 1, 1.098907720376e-08, 0, -0.32830339670181, -1.0126802507671e-08, 0.94457232952118, 0, -0.014606933109462, -4.7683714754498e-09, 0.0057835769839585, 1, },
		{ 0.94535022974014, -4.2936711963648e-09, 0.32605642080307, 0, 7.7870859760409e-10, 1, 1.0910764736138e-08, 0, -0.32605642080307, -1.0060592359196e-08, 0.94535022974014, 0, -0.011608581058681, -4.7683714754498e-09, 0.0045964429154992, 1, },
		{ 0.94674909114838, -4.2169201464048e-09, 0.32197228074074, 0, 7.919211952867e-10, 1, 1.076854161397e-08, 0, -0.32197228074074, -9.9401296083101e-09, 0.94674909114838, 0, -0.0086102290078998, -4.7683714754498e-09, 0.0034093093127012, 1, },
		{ 0.9488365650177, -4.1015280061174e-09, 0.31576761603355, 0, 8.1078965763481e-10, 1, 1.0552769325045e-08, 0, -0.31576761603355, -9.7568300105877e-09, 0.9488365650177, 0, -0.0065499874763191, -4.7683714754498e-09, 0.002593498211354, 1, },
		{ 0.95166003704071, -3.9437200172188e-09, 0.30715319514275, 0, 8.3458567834427e-10, 1, 1.0253776494551e-08, 0, -0.30715319514275, -9.5017629320182e-09, 0.95166003704071, 0, -0.0044900509528816, -4.7683714754498e-09, 0.0017779158661142, 1, },
		{ 0.95530378818512, -3.7368792504822e-09, 0.29562595486641, 0, 8.6210144578658e-10, 1, 9.8547294768991e-09, 0, -0.29562595486641, -9.1593985729332e-09, 0.95530378818512, 0, -0.0024298094213009, -4.7683714754498e-09, 0.00096218107501045, 1, },
		{ 0.960045337677, -3.4616396415998e-09, 0.27984446287155, 0, 8.9183060936193e-10, 1, 9.3103276199713e-09, 0, -0.27984446287155, -8.6887634864752e-09, 0.960045337677, 0, -0.0021597289014608, -4.7683714754498e-09, 0.00085521698929369, 1, },
		{ 0.96608519554138, -3.0992257649132e-09, 0.25822341442108, 0, 9.1788970868478e-10, 1, 8.5680333938853e-09, 0, -0.25822341442108, -8.0404287672309e-09, 0.96608519554138, 0, -0.0018899536225945, -4.7683714754498e-09, 0.00074832915561274, 1, },
		{ 0.9733961224556, -2.6378046413811e-09, 0.22912874817848, 0, 9.2669333318085e-10, 1, 7.5755082207252e-09, 0, -0.22912874817848, -7.1616379493378e-09, 0.9733961224556, 0, -0.001619872986339, -4.7683714754498e-09, 0.00064144132193178, 1, },
		{ 0.98161482810974, -2.0759252095104e-09, 0.19087225198746, 0, 8.9342933051739e-10, 1, 6.281283937426e-09, 0, -0.19087225198746, -5.9952709463573e-09, 0.98161482810974, 0, -0.0013497924664989, -4.7683714754498e-09, 0.00053455348825082, 1, },
		{ 0.98968231678009, -1.4462813169303e-09, 0.14327892661095, 0, 7.8267348158079e-10, 1, 4.687974453077e-09, 0, -0.14327892661095, -4.5274664017825e-09, 0.98968231678009, 0, -0.0010797119466588, -4.7683714754498e-09, 0.00042758940253407, 1, },
		{ 0.99571496248245, -8.5710283315166e-10, 0.092474810779095, 0, 5.8150456672124e-10, 1, 3.007236459851e-09, 0, -0.092474810779095, -2.9405755608281e-09, 0.99571496248245, 0, -0.00080993649316952, -4.7683714754498e-09, 0.00032077787909657, 1, },
		{ 0.99892497062683, -3.9515768435194e-10, 0.046357452869415, 0, 3.2601477073513e-10, 1, 1.4991754504479e-09, 0, -0.046357452869415, -1.4824506067157e-09, 0.99892497062683, 0, -0.0005398559733294, -4.7683714754498e-09, 0.0002138137788279, 1, },
		{ 0.99991679191589, -1.0299316954843e-10, 0.012896983884275, 0, 9.7642782748153e-11, 1, 4.1540237916138e-10, 0, -0.012896983884275, -4.1410785911467e-10, 0.99991679191589, 0, -0.00027008054894395, -4.7683714754498e-09, 0.0001070022553904, 1, },
		{ 1, 0, -2.5014547881556e-16, 0, 0, 1, 0, 0, -2.5014547881556e-16, 0, 1, 0, 3.0517577442879e-07, -4.7683714754498e-09, 3.8146971803599e-08, 1, },
	},
}
end
