function data()
return {
	times = { 0, 41.667, 83.333, 125, 166.667, 208.333, 250, 291.667, 333.333, 375, 416.667, 458.333, 500, 541.667, 583.333, 625, 666.667, 708.333, 750, 791.667, 833.333, 875, 916.667, 958.333, 1000, 1041.667, 1083.333, 1125, 1166.667, 1208.333, 1250, 1291.667, 1333.333, 1375, 1416.667, 1458.333, 1500, 1541.667, 1583.333, 1625, 1666.667, 1708.333, 1750, 1791.667, 1833.333, 1875, 1916.667, 1958.333, 2000, 2041.667, },
	transfs = {
		{ 1, 0, 4.3895742596334e-10, 0, 0, 1, 0, 0, 3.0951308183091e-10, 0, 1, 0, -0.0019247436430305, 0, -2.7961730665993e-05, 1, },
		{ 0.99999904632568, 0, 0.0013522864319384, 0, 0, 1, 0, 0, -0.0013522872468457, 0, 0.99999904632568, 0, -0.0019247436430305, 0, -2.7961730665993e-05, 1, },
		{ 0.99998795986176, 0, 0.0049087228253484, 0, 0, 1, 0, 0, -0.0049087228253484, 0, 0.99998795986176, 0, -0.007752685341984, 0, -0.00011268615344306, 1, },
		{ 0.99995082616806, 0, 0.0099186170846224, 0, 0, 1, 0, 0, -0.0099186170846224, 0, 0.99995082616806, 0, -0.017561949789524, 0, -0.00025531768915243, 1, },
		{ 0.99987781047821, 0, 0.015631152316928, 0, 0, 1, 0, 0, -0.015631152316928, 0, 0.99987781047821, 0, -0.031432494521141, 0, -0.00045696258894168, 1, },
		{ 0.99977320432663, 0, 0.021295571699739, 0, 0, 1, 0, 0, -0.021295571699739, 0, 0.99977320432663, 0, -0.049442749470472, 0, -0.0007188415620476, 1, },
		{ 0.9996520280838, 0, 0.026377720758319, 0, 0, 1, 0, 0, -0.026377720758319, 0, 0.9996520280838, 0, -0.071460872888565, 0, -0.0010389708913863, 1, },
		{ 0.99951279163361, 0, 0.031209090724587, 0, 0, 1, 0, 0, -0.031209090724587, 0, 0.99951279163361, 0, -0.096511535346508, 0, -0.0014031600439921, 1, },
		{ 0.99933958053589, 0, 0.036337286233902, 0, 0, 1, 0, 0, -0.036337286233902, 0, 0.99933958053589, 0, -0.12340835481882, 0, -0.0017942046979442, 1, },
		{ 0.99910449981689, 0, 0.042309537529945, 0, 0, 1, 0, 0, -0.042309537529945, 0, 0.99910449981689, 0, -0.1509644985199, 0, -0.0021948623470962, 1, },
		{ 0.9987655878067, 0, 0.049672335386276, 0, 0, 1, 0, 0, -0.049672335386276, 0, 0.9987655878067, 0, -0.17799285054207, 0, -0.0025878143496811, 1, },
		{ 0.99827915430069, 0, 0.058640673756599, 0, 0, 1, 0, 0, -0.058640673756599, 0, 0.99827915430069, 0, -0.20326766371727, 0, -0.0029552839696407, 1, },
		{ 0.99767792224884, 0, 0.068108156323433, 0, 0, 1, 0, 0, -0.068108163774014, 0, 0.99767798185349, 0, -0.2254049628973, 0, -0.0032771681435406, 1, },
		{ 0.99705874919891, 0, 0.076640598475933, 0, 0, 1, 0, 0, -0.076640598475933, 0, 0.99705874919891, 0, -0.24297988414764, 0, -0.003532676724717, 1, },
		{ 0.9965655207634, 0, 0.082807436585426, 0, 0, 1, 0, 0, -0.082807436585426, 0, 0.9965655207634, 0, -0.25456953048706, 0, -0.0037011718377471, 1, },
		{ 0.99636548757553, 0, 0.085180468857288, 0, 0, 1, 0, 0, -0.085180468857288, 0, 0.99636548757553, 0, -0.2550695836544, 0, -0.003708457807079, 1, },
		{ 0.99649876356125, 0, 0.083607569336891, 0, 0, 1, 0, 0, -0.083607569336891, 0, 0.99649876356125, 0, -0.25556945800781, 0, -0.0037157058250159, 1, },
		{ 0.99685174226761, 0, 0.079287812113762, 0, 0, 1, 0, 0, -0.079287812113762, 0, 0.99685174226761, 0, -0.25606948137283, 0, -0.0037229917943478, 1, },
		{ 0.99734514951706, 0, 0.072818912565708, 0, 0, 1, 0, 0, -0.072818912565708, 0, 0.99734514951706, 0, -0.24978560209274, 0, -0.0036316297482699, 1, },
		{ 0.99789834022522, 0, 0.064798794686794, 0, 0, 1, 0, 0, -0.064798794686794, 0, 0.99789834022522, 0, -0.23759688436985, 0, -0.0034543990623206, 1, },
		{ 0.99844038486481, 0, 0.055826611816883, 0, 0, 1, 0, 0, -0.055826611816883, 0, 0.9984405040741, 0, -0.21754683554173, 0, -0.003162917913869, 1, },
		{ 0.99891602993011, 0, 0.04654923453927, 0, 0, 1, 0, 0, -0.04654923453927, 0, 0.99891602993011, 0, -0.18824477493763, 0, -0.0027368925511837, 1, },
		{ 0.9992852807045, 0, 0.037800081074238, 0, 0, 1, 0, 0, -0.037800081074238, 0, 0.9992852807045, 0, -0.150564417243, 0, -0.0021890257485211, 1, },
		{ 0.99953597784042, 0, 0.030459944158792, 0, 0, 1, 0, 0, -0.030459944158792, 0, 0.99953597784042, 0, -0.1059452816844, 0, -0.0015403365250677, 1, },
		{ 0.99967706203461, 0, 0.025409977883101, 0, 0, 1, 0, 0, -0.025409977883101, 0, 0.99967706203461, 0, -0.055826719850302, 0, -0.00081165309529752, 1, },
		{ 0.99972307682037, 0, 0.023531021550298, 0, 0, 1, 0, 0, -0.023531019687653, 0, 0.99972307682037, 0, -0.0016482543433085, 0, -2.3956297809491e-05, 1, },
		{ 0.99944126605988, 0, 0.033424906432629, 0, 0, 1, 0, 0, -0.033424906432629, 0, 0.99944120645523, 0, 0.05490356311202, 0, 0.00079826352884993, 1, },
		{ 0.9983167052269, 0, 0.057996802031994, 0, 0, 1, 0, 0, -0.057996802031994, 0, 0.9983167052269, 0, 0.11115325987339, 0, 0.001616096473299, 1, },
		{ 0.99598103761673, 0, 0.089564323425293, 0, 0, 1, 0, 0, -0.089564323425293, 0, 0.99598103761673, 0, 0.16417755186558, 0, 0.0023870086297393, 1, },
		{ 0.99271816015244, 0, 0.12045986950397, 0, 0, 1, 0, 0, -0.12045986950397, 0, 0.99271816015244, 0, 0.2110537737608, 0, 0.0030685423407704, 1, },
		{ 0.98970830440521, 0, 0.14309896528721, 0, 0, 1, 0, 0, -0.14309895038605, 0, 0.98970830440521, 0, 0.2488601654768, 0, 0.0036182021722198, 1, },
		{ 0.98774003982544, 0, 0.15610727667809, 0, 0, 1, 0, 0, -0.15610727667809, 0, 0.98774003982544, 0, 0.27552887797356, 0, 0.0040059280581772, 1, },
		{ 0.98646283149719, 0, 0.16398452222347, 0, 0, 1, 0, 0, -0.16398452222347, 0, 0.98646283149719, 0, 0.29241821169853, 0, 0.0042514801025391, 1, },
		{ 0.98578262329102, 0, 0.16802556812763, 0, 0, 1, 0, 0, -0.16802556812763, 0, 0.98578262329102, 0, 0.30174070596695, 0, 0.0043870541267097, 1, },
		{ 0.98552775382996, 0, 0.16951368749142, 0, 0, 1, 0, 0, -0.16951368749142, 0, 0.98552775382996, 0, 0.3041418492794, 0, 0.0044219586998224, 1, },
		{ 0.98549115657806, 0, 0.16972622275352, 0, 0, 1, 0, 0, -0.16972622275352, 0, 0.98549127578735, 0, 0.30654296278954, 0, 0.0044568632729352, 1, },
		{ 0.98667424917221, 0, 0.16270802915096, 0, 0, 1, 0, 0, -0.1627080142498, 0, 0.98667424917221, 0, 0.29886138439178, 0, 0.0043451688252389, 1, },
		{ 0.98948049545288, 0, 0.14466619491577, 0, 0, 1, 0, 0, -0.14466618001461, 0, 0.98948049545288, 0, 0.27842283248901, 0, 0.0040480042807758, 1, },
		{ 0.99275892972946, 0, 0.12012306600809, 0, 0, 1, 0, 0, -0.12012306600809, 0, 0.99275892972946, 0, 0.24913451075554, 0, 0.0036222075577825, 1, },
		{ 0.99560505151749, 0, 0.093651071190834, 0, 0, 1, 0, 0, -0.093651071190834, 0, 0.99560505151749, 0, 0.21490417420864, 0, 0.0031245041172951, 1, },
		{ 0.99755525588989, 0, 0.069881655275822, 0, 0, 1, 0, 0, -0.069881655275822, 0, 0.99755525588989, 0, 0.17964050173759, 0, 0.0026118087116629, 1, },
		{ 0.99862504005432, 0, 0.052420567721128, 0, 0, 1, 0, 0, -0.052420563995838, 0, 0.99862504005432, 0, 0.14662383496761, 0, 0.0021317673381418, 1, },
		{ 0.99917382001877, 0, 0.040640380233526, 0, 0, 1, 0, 0, -0.040640380233526, 0, 0.99917387962341, 0, 0.11662292480469, 0, 0.0016955947503448, 1, },
		{ 0.99946057796478, 0, 0.032840181142092, 0, 0, 1, 0, 0, -0.032840181142092, 0, 0.99946057796478, 0, 0.089782103896141, 0, 0.0013053512666374, 1, },
		{ 0.999626994133, 0, 0.027311235666275, 0, 0, 1, 0, 0, -0.027311235666275, 0, 0.999626994133, 0, 0.066242061555386, 0, 0.00096313474932685, 1, },
		{ 0.99975037574768, 0, 0.022341836243868, 0, 0, 1, 0, 0, -0.022341836243868, 0, 0.99975037574768, 0, 0.046145934611559, 0, 0.00067092891549692, 1, },
		{ 0.99986129999161, 0, 0.016651591286063, 0, 0, 1, 0, 0, -0.016651591286063, 0, 0.99986129999161, 0, 0.029617613181472, 0, 0.0004306411719881, 1, },
		{ 0.99994277954102, 0, 0.010689972899854, 0, 0, 1, 0, 0, -0.010689973831177, 0, 0.99994277954102, 0, 0.016707763075829, 0, 0.00024291992303915, 1, },
		{ 0.9999857544899, 0, 0.0053392616100609, 0, 0, 1, 0, 0, -0.0053392611443996, 0, 0.9999857544899, 0, 0.0074465940706432, 0, 0.00010829925304279, 1, },
		{ 0.99999886751175, 0, 0.0014818456256762, 0, 0, 1, 0, 0, -0.0014818456256762, 0, 0.99999886751175, 0, 0.0018670654390007, 0, 2.7160644094693e-05, 1, },
	},
}
end
