function data()
return {
	times = { 0, 125, 166.667, 208.333, 250, 291.667, 333.333, 375, 416.667, 458.333, 500, 541.667, 583.333, 625, 666.667, 708.333, 750, 791.667, 833.333, 875, 916.667, 958.333, 1000, 1041.667, 1083.333, 1125, 1166.667, 1208.333, 1250, 1291.667, 1333.333, 1375, 1416.667, 1458.333, 1500, 1541.667, 1583.333, 1625, 1666.667, 1708.333, 1750, 1791.667, 1833.333, 1875, 1916.667, 1958.333, 2000, 2041.667, 2083.333, 2125, 2166.667, 2208.333, 2250, 2291.667, 2333.333, 2375, 2416.667, 2458.333, 2500, 2541.667, 2583.333, 2625, 2666.667, 2708.333, 2750, 2791.667, 2833.333, 2875, 2916.667, 2958.333, 3000, 3041.667, 3083.333, 3125, 3166.667, 3208.333, 3250, 3291.667, 3333.333, 3375, 3416.667, 3458.333, 3500, 3541.667, 3583.333, 3625, 3666.667, 3708.333, 3750, 3791.667, 3833.333, 3875, 3916.667, 3958.333, 4000, 4041.667, 4083.333, 4125, 4166.667, },
	transfs = {
		{ 0.99999988079071, 0, -3.5644506967132e-16, 0, 0, 1, 8.8817841970013e-16, 0, -3.5644499026199e-16, 8.8817841970013e-16, 0.99999988079071, 0, -1.5258788721439e-07, -1.5258788721439e-07, 0, 1, },
		{ 0.99999970197678, 7.3114847509714e-12, -0.0006389319896698, 0, -3.4603431231517e-12, 1, -1.9868551248692e-11, 0, 0.0006389319896698, 4.2162717761585e-11, 0.99999970197678, 0, -1.5258788721439e-07, -1.5258788721439e-07, 0, 1, },
		{ 0.99999874830246, 1.7273293906328e-11, -0.0015141069889069, 0, -8.2174267390656e-12, 1, -4.7083226206723e-11, 0, 0.0015141069889069, 9.9925394347888e-11, 0.99999874830246, 0, -1.5258788721439e-07, -1.5258788721439e-07, 0, 1, },
		{ 0.99999558925629, 3.3608671401453e-11, -0.002957284450531, 0, -1.611155653336e-11, 1, -9.1951779523924e-11, 0, 0.002957284450531, 1.951949712975e-10, 0.99999558925629, 0, -1.5258788721439e-07, -1.5258788721439e-07, 0, 1, },
		{ 0.9999834895134, 6.4666487442633e-11, -0.0057371854782104, 0, -3.1501912189924e-11, 1, -1.783471148542e-10, 0, 0.0057371854782104, 3.7877700975741e-10, 0.9999834895134, 0, -1.5258788721439e-07, -1.5258788721439e-07, 0, 1, },
		{ 0.99994421005249, 1.1731060567399e-10, -0.010556608438492, 0, -5.8758331533681e-11, 1, -3.280287153018e-10, 0, 0.010556608438492, 6.9725203388771e-10, 0.99994421005249, 0, -1.5258788721439e-07, -1.5258788721439e-07, 0, 1, },
		{ 0.99984759092331, 1.9000623296961e-10, -0.017456710338593, 0, -9.9035439571349e-11, 1, -5.4211124478343e-10, 0, 0.017456710338593, 1.1536869237716e-09, 0.99984759092331, 0, -1.5258788721439e-07, -1.5258788721439e-07, 0, 1, },
		{ 0.9996492266655, 2.8031618692914e-10, -0.026478318497539, 0, -1.5393197827507e-10, 1, -8.2163120751488e-10, 0, 0.026478318497539, 1.7512834515898e-09, 0.9996492266655, 0, -1.5258788721439e-07, -1.5258788721439e-07, 0, 1, },
		{ 0.99929046630859, 3.848086294056e-10, -0.037661224603653, 0, -2.2549782874304e-10, 1, -1.1675019839785e-09, 0, 0.037661224603653, 2.4933397568816e-09, 0.99929046630859, 0, -1.5258788721439e-07, -1.5258788721439e-07, 0, 1, },
		{ 0.99869984388351, 4.9841730742628e-10, -0.050975259393454, 0, -3.1578650805386e-10, 1, -1.5784044071765e-09, 0, 0.050975259393454, 3.3786813347092e-09, 0.99869984388351, 0, -1.5258788721439e-07, -1.5258788721439e-07, 0, 1, },
		{ 0.9978119134903, 6.1334043399697e-10, -0.066115871071815, 0, -4.2518519260959e-10, 1, -2.044509006538e-09, 0, 0.066115871071815, 4.3879637701139e-09, 0.9978119134903, 0, -1.5258788721439e-07, -1.5258788721439e-07, 0, 1, },
		{ 0.99657380580902, 7.2179773269454e-10, -0.082708299160004, 0, -5.5332449733214e-10, 1, -2.5538766657007e-09, 0, 0.082708299160004, 5.4970632490381e-09, 0.99657380580902, 0, -1.5258788721439e-07, -1.5258788721439e-07, 0, 1, },
		{ 0.99494940042496, 8.1710282984204e-10, -0.10037706047297, 0, -6.992806333983e-10, 1, -3.0946343265725e-09, 0, 0.10037706047297, 6.6816143728943e-09, 0.99494940042496, 0, -1.5258788721439e-07, -1.5258788721439e-07, 0, 1, },
		{ 0.99292451143265, 8.9401197556072e-10, -0.11874648928642, 0, -8.6148327360647e-10, 1, -3.6550189541629e-09, 0, 0.11874648928642, 7.9169906186394e-09, 0.99292451143265, 0, -1.5258788721439e-07, -1.5258788721439e-07, 0, 1, },
		{ 0.99050223827362, 9.4905061587269e-10, -0.13749675452709, 0, -1.0381064896592e-09, 1, -4.2251033782748e-09, 0, 0.13749675452709, 9.1820533398845e-09, 0.99050223827362, 0, -1.5258788721439e-07, -1.5258788721439e-07, 0, 1, },
		{ 0.98767334222794, 9.8049923735744e-10, -0.15652871131897, 0, -1.2288907669245e-09, 1, -4.8017541054435e-09, 0, 0.15652871131897, 1.0470365019444e-08, 0.98767334222794, 0, -1.5258788721439e-07, -1.5258788721439e-07, 0, 1, },
		{ 0.98442620038986, 9.870574357862e-10, -0.17579801380634, 0, -1.4339693876764e-09, 1, -5.3835251812018e-09, 0, 0.17579801380634, 1.1779131448009e-08, 0.98442620038986, 0, -1.5258788721439e-07, -1.5258788721439e-07, 0, 1, },
		{ 0.98075139522552, 9.6760988110844e-10, -0.19525992870331, 0, -1.6533867608359e-09, 1, -5.9689773124205e-09, 0, 0.19525992870331, 1.3105506901923e-08, 0.98075139522552, 0, -1.5258788721439e-07, -1.5258788721439e-07, 0, 1, },
		{ 0.97664266824722, 9.2121865691297e-10, -0.21486952900887, 0, -1.887100253839e-09, 1, -6.5566800877548e-09, 0, 0.21486952900887, 1.4446604801321e-08, 0.97664266824722, 0, -1.5258788721439e-07, -1.5258788721439e-07, 0, 1, },
		{ 0.97209167480469, 8.4703088987226e-10, -0.23460119962692, 0, -2.1352288825938e-09, 1, -7.1457888495274e-09, 0, 0.23460119962692, 1.5800827313228e-08, 0.97209167480469, 0, -1.5258788721439e-07, -1.5258788721439e-07, 0, 1, },
		{ 0.96707141399384, 7.4386719006725e-10, -0.25450503826141, 0, -2.3988790953666e-09, 1, -7.7377180218718e-09, 0, 0.25450503826141, 1.7171783994741e-08, 0.96707141399384, 0, -1.5258788721439e-07, -1.5258788721439e-07, 0, 1, },
		{ 0.96154475212097, 6.1002225493212e-10, -0.27464807033539, 0, -2.6795756724596e-09, 1, -8.3343518753054e-09, 0, 0.27464807033539, 1.8564332293636e-08, 0.96154475212097, 0, -1.5258788721439e-07, -1.5258788721439e-07, 0, 1, },
		{ 0.95546793937683, 4.4335732307665e-10, -0.29509472846985, 0, -2.9790232503046e-09, 1, -8.9374569967049e-09, 0, 0.29509472846985, 1.9983220411746e-08, 0.95546793937683, 0, -1.5258788721439e-07, -1.5258788721439e-07, 0, 1, },
		{ 0.948790371418, 2.4121504793584e-10, -0.31590622663498, 0, -3.2991245291214e-09, 1, -9.5486640816489e-09, 0, 0.31590622663498, 2.1433068653209e-08, 0.948790371418, 0, -1.5258788721439e-07, -1.5258788721439e-07, 0, 1, },
		{ 0.94145637750626, 5.5422333389288e-13, -0.33713462948799, 0, -3.6418918991643e-09, 1, -1.0169291186912e-08, 0, 0.33713462948799, 2.291795020426e-08, 0.94145637750626, 0, -1.5258788721439e-07, -1.5258788721439e-07, 0, 1, },
		{ 0.93341207504272, -2.819149080846e-10, -0.35880613327026, 0, -4.0091467923276e-09, 1, -1.0799865890476e-08, 0, 0.35880613327026, 2.4440213408639e-08, 0.93341207504272, 0, -1.5258788721439e-07, -1.5258788721439e-07, 0, 1, },
		{ 0.92460054159164, -6.0973093241046e-10, -0.38093787431717, 0, -4.4027466117313e-09, 1, -1.1440608460589e-08, 0, 0.38093787431717, 2.6001636399542e-08, 0.92460054159164, 0, -1.5258788721439e-07, -1.5258788721439e-07, 0, 1, },
		{ 0.91496080160141, -9.867733297142e-10, -0.40354239940643, 0, -4.8246615591552e-09, 1, -1.2091581957918e-08, 0, 0.40354239940643, 2.7603755725636e-08, 0.91496080160141, 0, -1.5258788721439e-07, -1.5258788721439e-07, 0, 1, },
		{ 0.90442717075348, -1.417305384166e-09, -0.42662793397903, 0, -5.2769788538853e-09, 1, -1.2752683353767e-08, 0, 0.42662793397903, 2.9247853916559e-08, 0.90442717075348, 0, -1.5258788721439e-07, -1.5258788721439e-07, 0, 1, },
		{ 0.8929939866066, -1.9031247688872e-09, -0.45006847381592, 0, -5.7591886815089e-09, 1, -1.341997091231e-08, 0, 0.45006847381592, 3.0925690452932e-08, 0.8929939866066, 0, -1.5258788721439e-07, -1.5258788721439e-07, 0, 1, },
		{ 0.8809380531311, -2.4332180714737e-09, -0.47323149442673, 0, -6.2592699912045e-09, 1, -1.4075263621294e-08, 0, 0.47323149442673, 3.2592353704786e-08, 0.8809380531311, 0, -1.5258788721439e-07, -1.5258788721439e-07, 0, 1, },
		{ 0.86866998672485, -2.9888056474192e-09, -0.49539110064507, 0, -6.7605263609494e-09, 1, -1.4698200878627e-08, 0, 0.49539110064507, 3.419523153525e-08, 0.86866998672485, 0, -1.5258788721439e-07, -1.5258788721439e-07, 0, 1, },
		{ 0.85667127370834, -3.5459704061935e-09, -0.51586270332336, 0, -7.2442918330751e-09, 1, -1.5270092745823e-08, 0, 0.51586270332336, 3.5683633825556e-08, 0.85667127370834, 0, -1.5258788721439e-07, -1.5258788721439e-07, 0, 1, },
		{ 0.84548324346542, -4.0763623587736e-09, -0.53400194644928, 0, -7.6902413326252e-09, 1, -1.5773823136556e-08, 0, 0.53400194644928, 3.7008831554886e-08, 0.84548324346542, 0, -1.5258788721439e-07, -1.5258788721439e-07, 0, 1, },
		{ 0.8355661034584, -4.5544226168204e-09, -0.54938971996307, 0, -8.0818018943773e-09, 1, -1.6198846708448e-08, 0, 0.54938971996307, 3.8137912383718e-08, 0.8355661034584, 0, -1.5258788721439e-07, -1.5258788721439e-07, 0, 1, },
		{ 0.8268808722496, -4.9787085565356e-09, -0.56237691640854, 0, -8.4220772578192e-09, 1, -1.6555858906031e-08, 0, 0.56237691640854, 3.9094448567312e-08, 0.8268808722496, 0, -1.5258788721439e-07, -1.5258788721439e-07, 0, 1, },
		{ 0.81921917200089, -5.3570441416184e-09, -0.57348042726517, 0, -8.720349775615e-09, 1, -1.6859811324821e-08, 0, 0.57348042726517, 3.9914965554999e-08, 0.81921917200089, 0, -1.5258788721439e-07, -1.5258788721439e-07, 0, 1, },
		{ 0.81233268976212, -5.7001443565241e-09, -0.58319419622421, 0, -8.9870013653126e-09, 1, -1.7124730078422e-08, 0, 0.58319419622421, 4.0634880349444e-08, 0.81233268976212, 0, -1.5258788721439e-07, -1.5258788721439e-07, 0, 1, },
		{ 0.80594325065613, -6.0209401908651e-09, -0.59199273586273, 0, -9.233254161245e-09, 1, -1.7363866788855e-08, 0, 0.59199273586273, 4.1288707564036e-08, 0.80594325065613, 0, -1.5258788721439e-07, -1.5258788721439e-07, 0, 1, },
		{ 0.7997539639473, -6.3338347899844e-09, -0.60032773017883, 0, -9.4707717224196e-09, 1, -1.7589670164853e-08, 0, 0.60032773017883, 4.1909657966244e-08, 0.7997539639473, 0, -1.5258788721439e-07, -1.5258788721439e-07, 0, 1, },
		{ 0.79347056150436, -6.6535643661325e-09, -0.60860842466354, 0, -9.7109289498576e-09, 1, -1.7813277963796e-08, 0, 0.60860842466354, 4.2528107258022e-08, 0.79347056150436, 0, -1.5258788721439e-07, -1.5258788721439e-07, 0, 1, },
		{ 0.78678679466248, -6.9958683290849e-09, -0.61722469329834, 0, -9.9653494345375e-09, 1, -1.8045156480184e-08, 0, 0.61722469329834, 4.3173280062092e-08, 0.78678679466248, 0, -1.5258788721439e-07, -1.5258788721439e-07, 0, 1, },
		{ 0.77937924861908, -7.377785049556e-09, -0.62655234336853, 0, -1.0246119508395e-08, 1, -1.8295249759603e-08, 0, 0.62655234336853, 4.3873683353013e-08, 0.77937924861908, 0, -1.5258788721439e-07, -1.5258788721439e-07, 0, 1, },
		{ 0.7709047794342, -7.8178388207562e-09, -0.6369503736496, 0, -1.0565859298595e-08, 1, -1.8572869464606e-08, 0, 0.6369503736496, 4.4656957243205e-08, 0.7709047794342, 0, -1.5258788721439e-07, -1.5258788721439e-07, 0, 1, },
		{ 0.76126009225845, -8.3225266678255e-09, -0.6484466791153, 0, -1.0927928784099e-08, 1, -1.8878330010352e-08, 0, 0.6484466791153, 4.5526114433869e-08, 0.76126009225845, 0, -1.5258788721439e-07, -1.5258788721439e-07, 0, 1, },
		{ 0.75140851736069, -8.8420684107859e-09, -0.65983712673187, 0, -1.129585669446e-08, 1, -1.917938341478e-08, 0, 0.65983712673187, 4.6390656649464e-08, 0.75140851736069, 0, -1.5258788721439e-07, -1.5258788721439e-07, 0, 1, },
		{ 0.74265587329865, -9.3069152384828e-09, -0.66967314481735, 0, -1.1621210660451e-08, 1, -1.9438022746954e-08, 0, 0.66967314481735, 4.7140030545734e-08, 0.74265587329865, 0, -1.5258788721439e-07, -1.5258788721439e-07, 0, 1, },
		{ 0.73637747764587, -9.6421679529612e-09, -0.67657089233398, 0, -1.185374021162e-08, 1, -1.961863915767e-08, 0, 0.67657089233398, 4.7667153779685e-08, 0.73637747764587, 0, -1.5258788721439e-07, -1.5258788721439e-07, 0, 1, },
		{ 0.73397672176361, -9.7707477664244e-09, -0.67917454242706, 0, -1.1942471900284e-08, 1, -1.9686652308337e-08, 0, 0.67917454242706, 4.7866482333347e-08, 0.73397672176361, 0, -1.5258788721439e-07, -1.5258788721439e-07, 0, 1, },
		{ 0.73572719097137, -9.6769738888725e-09, -0.67727792263031, 0, -1.1877783201442e-08, 1, -1.9637120374227e-08, 0, 0.67727792263031, 4.7721272267154e-08, 0.73572719097137, 0, -1.5258788721439e-07, -1.5258788721439e-07, 0, 1, },
		{ 0.74027168750763, -9.4340535383708e-09, -0.67230767011642, 0, -1.1709593294995e-08, 1, -1.9507083948156e-08, 0, 0.67230767011642, 4.7341202957796e-08, 0.74027168750763, 0, -1.5258788721439e-07, -1.5258788721439e-07, 0, 1, },
		{ 0.74654334783554, -9.1000877944225e-09, -0.66533672809601, 0, -1.1476881667249e-08, 1, -1.9324151168121e-08, 0, 0.66533672809601, 4.680933329837e-08, 0.74654334783554, 0, -1.5258788721439e-07, -1.5258788721439e-07, 0, 1, },
		{ 0.75349241495132, -8.7318383634738e-09, -0.65745651721954, 0, -1.12181837153e-08, 1, -1.9116596305935e-08, 0, 0.65745651721954, 4.620968496738e-08, 0.75349241495132, 0, -1.5258788721439e-07, -1.5258788721439e-07, 0, 1, },
		{ 0.76011002063751, -8.3829689856429e-09, -0.64979434013367, 0, -1.0970975239388e-08, 1, -1.8914033006467e-08, 0, 0.64979434013367, 4.5628226530425e-08, 0.76011002063751, 0, -1.5258788721439e-07, -1.5258788721439e-07, 0, 1, },
		{ 0.76567018032074, -8.0912592181903e-09, -0.64323341846466, 0, -1.0762605029413e-08, 1, -1.8740010432339e-08, 0, 0.64323341846466, 4.5131557158129e-08, 0.76567018032074, 0, -1.5258788721439e-07, -1.5258788721439e-07, 0, 1, },
		{ 0.77041590213776, -7.8433224359742e-09, -0.63754159212112, 0, -1.0584258802737e-08, 1, -1.8588618644344e-08, 0, 0.63754159212112, 4.470156866887e-08, 0.77041590213776, 0, -1.5258788721439e-07, -1.5258788721439e-07, 0, 1, },
		{ 0.77481353282928, -7.6144601734995e-09, -0.6321896314621, 0, -1.0418574447613e-08, 1, -1.8445916794008e-08, 0, 0.6321896314621, 4.4298012369381e-08, 0.77481353282928, 0, -1.5258788721439e-07, -1.5258788721439e-07, 0, 1, },
		{ 0.77931272983551, -7.3812240763971e-09, -0.62663501501083, 0, -1.0248637494215e-08, 1, -1.8297461323868e-08, 0, 0.62663501501083, 4.3879907707378e-08, 0.77931272983551, 0, -1.5258788721439e-07, -1.5258788721439e-07, 0, 1, },
		{ 0.78434699773788, -7.1213679397886e-09, -0.62032216787338, 0, -1.0057958910181e-08, 1, -1.8128313072907e-08, 0, 0.62032216787338, 4.3405634642113e-08, 0.78434699773788, 0, -1.5258788721439e-07, -1.5258788721439e-07, 0, 1, },
		{ 0.79024946689606, -6.8182544055162e-09, -0.61278522014618, 0, -9.8336734311033e-09, 1, -1.7925781747863e-08, 0, 0.61278522014618, 4.2840632374919e-08, 0.79024946689606, 0, -1.5258788721439e-07, -1.5258788721439e-07, 0, 1, },
		{ 0.79701000452042, -6.4732148530311e-09, -0.60396599769592, 0, -9.5757703988397e-09, 1, -1.7688005726768e-08, 0, 0.60396599769592, 4.2181191872714e-08, 0.79701000452042, 0, -1.5258788721439e-07, -1.5258788721439e-07, 0, 1, },
		{ 0.80453270673752, -6.092072624142e-09, -0.59390830993652, 0, -9.2874721246972e-09, 1, -1.7415828779122e-08, 0, 0.59390830993652, 4.1431285069393e-08, 0.80453270673752, 0, -1.5258788721439e-07, -1.5258788721439e-07, 0, 1, },
		{ 0.81271880865097, -5.6808389103935e-09, -0.58265614509583, 0, -8.9720879614674e-09, 1, -1.7110082239924e-08, 0, 0.58265614509583, 4.0594947847694e-08, 0.81271880865097, 0, -1.5258788721439e-07, -1.5258788721439e-07, 0, 1, },
		{ 0.82146841287613, -5.245603063031e-09, -0.57025390863419, 0, -8.6329681181496e-09, 1, -1.6771611655031e-08, 0, 0.57025390863419, 3.9676272933775e-08, 0.82146841287613, 0, -1.5258788721439e-07, -1.5258788721439e-07, 0, 1, },
		{ 0.83068114519119, -4.7924473278727e-09, -0.55674833059311, 0, -8.2734796791328e-09, 1, -1.6401326519144e-08, 0, 0.55674833059311, 3.8679473846059e-08, 0.83068114519119, 0, -1.5258788721439e-07, -1.5258788721439e-07, 0, 1, },
		{ 0.84025609493256, -4.3274539507365e-09, -0.5421895980835, 0, -7.8970394667977e-09, 1, -1.6000242908376e-08, 0, 0.5421895980835, 3.7609034109209e-08, 0.84025609493256, 0, -1.5258788721439e-07, -1.5258788721439e-07, 0, 1, },
		{ 0.8500936627388, -3.8565985960304e-09, -0.52663135528564, 0, -7.50703321728e-09, 1, -1.5569490585676e-08, 0, 0.52663135528564, 3.6469621988999e-08, 0.8500936627388, 0, -1.5258788721439e-07, -1.5258788721439e-07, 0, 1, },
		{ 0.86009651422501, -3.3856224490592e-09, -0.51013112068176, 0, -7.106798705081e-09, 1, -1.5110334317114e-08, 0, 0.51013112068176, 3.5266157993874e-08, 0.86009651422501, 0, -1.5258788721439e-07, -1.5258788721439e-07, 0, 1, },
		{ 0.87017053365707, -2.9200464268797e-09, -0.49275037646294, 0, -6.6995902159306e-09, 1, -1.4624176536415e-08, 0, 0.49275037646294, 3.40037757951e-08, 0.87017053365707, 0, -1.5258788721439e-07, -1.5258788721439e-07, 0, 1, },
		{ 0.88022631406784, -2.4650219643263e-09, -0.47455403208733, 0, -6.2885483487207e-09, 1, -1.411255112771e-08, 0, 0.47455403208733, 3.2687776041485e-08, 0.88022631406784, 0, -1.5258788721439e-07, -1.5258788721439e-07, 0, 1, },
		{ 0.89018112421036, -2.0252739485471e-09, -0.45560663938522, 0, -5.8765894372925e-09, 1, -1.3577025725908e-08, 0, 0.45560663938522, 3.1323381222137e-08, 0.89018112421036, 0, -1.5258788721439e-07, -1.5258788721439e-07, 0, 1, },
		{ 0.8999582529068, -1.6050663020906e-09, -0.43597587943077, 0, -5.4664628379442e-09, 1, -1.3019284317295e-08, 0, 0.43597587943077, 2.9915931065716e-08, 0.8999582529068, 0, -1.5258788721439e-07, -1.5258788721439e-07, 0, 1, },
		{ 0.90948611497879, -1.2083276601516e-09, -0.41573429107666, 0, -5.0607922297274e-09, 1, -1.24411982938e-08, 0, 0.41573429107666, 2.8471019319909e-08, 0.90948611497879, 0, -1.5258788721439e-07, -1.5258788721439e-07, 0, 1, },
		{ 0.91869902610779, -8.3847589982255e-10, -0.39495810866356, 0, -4.6620272087239e-09, 1, -1.1844784708614e-08, 0, 0.39495810866356, 2.6994447566153e-08, 0.91869902610779, 0, -1.5258788721439e-07, -1.5258788721439e-07, 0, 1, },
		{ 0.92753618955612, -4.985807322555e-10, -0.37373307347298, 0, -4.2725254445486e-09, 1, -1.1232380359161e-08, 0, 0.37373307347298, 2.5492557398366e-08, 0.92753618955612, 0, -1.5258788721439e-07, -1.5258788721439e-07, 0, 1, },
		{ 0.93593680858612, -1.9138468587698e-10, -0.35216790437698, 0, -3.8947671754386e-09, 1, -1.0607040579202e-08, 0, 0.35216790437698, 2.3973232288199e-08, 0.93593680858612, 0, -1.5258788721439e-07, -1.5258788721439e-07, 0, 1, },
		{ 0.94384765625, 8.0945028457791e-11, -0.33038076758385, 0, -3.5310347978879e-09, 1, -9.9721511048756e-09, 0, 0.33038076758385, 2.244486552172e-08, 0.94384765625, 0, -1.5258788721439e-07, -1.5258788721439e-07, 0, 1, },
		{ 0.95122635364532, 3.1701574698673e-10, -0.30849367380142, 0, -3.1833202740472e-09, 1, -9.3312770843568e-09, 0, 0.30849367380142, 2.091600492804e-08, 0.95122635364532, 0, -1.5258788721439e-07, -1.5258788721439e-07, 0, 1, },
		{ 0.95804065465927, 5.1613824325614e-10, -0.28663212060928, 0, -2.8532927132119e-09, 1, -8.6881506433656e-09, 0, 0.28663212060928, 1.9395299588609e-08, 0.95804065465927, 0, -1.5258788721439e-07, -1.5258788721439e-07, 0, 1, },
		{ 0.96427416801453, 6.7849009743881e-10, -0.26490592956543, 0, -2.5420625604511e-09, 1, -8.0460953455486e-09, 0, 0.26490592956543, 1.7890180004088e-08, 0.96427416801453, 0, -1.5258788721439e-07, -1.5258788721439e-07, 0, 1, },
		{ 0.96993798017502, 8.0520834444542e-10, -0.24335190653801, 0, -2.2494788254335e-09, 1, -7.4063186694673e-09, 0, 0.24335190653801, 1.6402951885652e-08, 0.96993798017502, 0, -1.5258788721439e-07, -1.5258788721439e-07, 0, 1, },
		{ 0.97504937648773, 8.9765705979516e-10, -0.22198784351349, 0, -1.9751045243765e-09, 1, -6.7694663208329e-09, 0, 0.22198784351349, 1.4934592229565e-08, 0.97504937648773, 0, -1.5258788721439e-07, -1.5258788721439e-07, 0, 1, },
		{ 0.97962588071823, 9.5718633019715e-10, -0.2008304297924, 0, -1.7184812461934e-09, 1, -6.1361506986657e-09, 0, 0.2008304297924, 1.3485995431495e-08, 0.97962588071823, 0, -1.5258788721439e-07, -1.5258788721439e-07, 0, 1, },
		{ 0.98368561267853, 9.8514618684931e-10, -0.17989557981491, 0, -1.479135036675e-09, 1, -5.506966882507e-09, 0, 0.17989557981491, 1.2058008813653e-08, 0.98368561267853, 0, -1.5258788721439e-07, -1.5258788721439e-07, 0, 1, },
		{ 0.9872350692749, 9.829861369326e-10, -0.1592692732811, 0, -1.2573230234736e-09, 1, -4.8846229283583e-09, 0, 0.1592692732811, 1.0656232340978e-08, 0.9872350692749, 0, -1.5258788721439e-07, -1.5258788721439e-07, 0, 1, },
		{ 0.99024724960327, 9.5312902015365e-10, -0.13932131230831, 0, -1.0558948160266e-09, 1, -4.2804741973157e-09, 0, 0.13932131230831, 9.3053769134599e-09, 0.99024724960327, 0, -1.5258788721439e-07, -1.5258788721439e-07, 0, 1, },
		{ 0.99271386861801, 9.0015106479768e-10, -0.12049558758736, 0, -8.7748824872946e-10, 1, -3.7082819037693e-09, 0, 0.12049558758736, 8.034825249581e-09, 0.99271386861801, 0, -1.5258788721439e-07, -1.5258788721439e-07, 0, 1, },
		{ 0.99465668201447, 8.3056050925734e-10, -0.10323725640774, 0, -7.2383338212134e-10, 1, -3.1820106549674e-09, 0, 0.10323725640774, 6.8737091574178e-09, 0.99465668201447, 0, -1.5258788721439e-07, -1.5258788721439e-07, 0, 1, },
		{ 0.99612110853195, 7.524718625973e-10, -0.087991088628769, 0, -5.9593568968452e-10, 1, -2.7157374127285e-09, 0, 0.087991088628769, 5.8508540234925e-09, 0.99612110853195, 0, -1.5258788721439e-07, -1.5258788721439e-07, 0, 1, },
		{ 0.99718177318573, 6.7384320345809e-10, -0.075023338198662, 0, -4.928999430831e-10, 1, -2.3181443431497e-09, 0, 0.075023338198662, 4.9829766979315e-09, 0.99718177318573, 0, -1.5258788721439e-07, -1.5258788721439e-07, 0, 1, },
		{ 0.99795711040497, 5.9738169966295e-10, -0.06388646364212, 0, -4.0862954686638e-10, 1, -1.9759549552134e-09, 0, 0.06388646364212, 4.2391841148515e-09, 0.99795711040497, 0, -1.5258788721439e-07, -1.5258788721439e-07, 0, 1, },
		{ 0.99854350090027, 5.2220627821953e-10, -0.053951352834702, 0, -3.3672620247671e-10, 1, -1.6701204863523e-09, 0, 0.053951352834702, 3.5768603634523e-09, 0.99854350090027, 0, -1.5258788721439e-07, -1.5258788721439e-07, 0, 1, },
		{ 0.99900549650192, 4.453610535915e-10, -0.044585969299078, 0, -2.7176838557352e-10, 1, -1.3813354904357e-09, 0, 0.044585969299078, 2.9535582868334e-09, 0.99900549650192, 0, -1.5258788721439e-07, -1.5258788721439e-07, 0, 1, },
		{ 0.99938178062439, 3.6212099985278e-10, -0.035156548023224, 0, -2.091304768248e-10, 1, -1.0900942370995e-09, 0, 0.035156548023224, 2.3270114724028e-09, 0.99938178062439, 0, -1.5258788721439e-07, -1.5258788721439e-07, 0, 1, },
		{ 0.99967968463898, 2.6892621463048e-10, -0.025309441611171, 0, -1.4667733694296e-10, 1, -7.8544054593621e-10, 0, 0.025309441611171, 1.673804206348e-09, 0.99967968463898, 0, -1.5258788721439e-07, -1.5258788721439e-07, 0, 1, },
		{ 0.99987488985062, 1.7301005073023e-10, -0.015816567465663, 0, -8.9325880026081e-11, 1, -4.9124881940088e-10, 0, 0.015816567465663, 1.0451443044346e-09, 0.99987488985062, 0, -1.5258788721439e-07, -1.5258788721439e-07, 0, 1, },
		{ 0.99997007846832, 8.6643574259693e-11, -0.0077317650429904, 0, -4.2696512991824e-11, 1, -2.4031043821537e-10, 0, 0.0077317650429904, 5.1054982463938e-10, 0.99997007846832, 0, -1.5258788721439e-07, -1.5258788721439e-07, 0, 1, },
		{ 0.9999977350235, 2.4023448161326e-11, -0.0021084845066071, 0, -1.1457501614132e-11, 1, -6.5563998674634e-11, 0, 0.0021084845066071, 1.3915889274241e-10, 0.9999977350235, 0, -1.5258788721439e-07, -1.5258788721439e-07, 0, 1, },
		{ 0.99999988079071, 0, -3.5644506967132e-16, 0, 0, 1, 8.8817841970013e-16, 0, -3.5644499026199e-16, 8.8817841970013e-16, 0.99999988079071, 0, -1.5258788721439e-07, -1.5258788721439e-07, 0, 1, },
	},
}
end
