function data()
return {
	times = { 0, 41.667, 83.333, 125, 166.667, 208.333, 250, 291.667, 333.333, 375, 416.667, 458.333, 500, 541.667, 583.333, 625, 666.667, 708.333, 750, 791.667, 833.333, 875, 916.667, 958.333, 1000, 1041.667, 1083.333, 1125, 1166.667, 1208.333, 1250, 1291.667, 1333.333, 1375, 1416.667, 1458.333, 1500, 1541.667, 1583.333, 1625, 1666.667, 1708.333, 1750, 1791.667, 1833.333, 1875, 1916.667, 1958.333, 2000, 2041.667, },
	transfs = {
		{ 1, -1.9528691882456e-15, -5.6440683238179e-09, 0, -3.7533978068617e-15, 1.0000001192093, -7.0107053571754e-16, 0, -1.8411973334853e-10, -2.1952023498398e-15, 1.0000001192093, 0, -1.5258788721439e-07, -1.5258788721439e-07, -7.6293943607197e-08, 1, },
		{ 0.99999904632568, -1.5505995792919e-11, 0.0013475947780535, 0, 7.2473351105107e-12, 1.0000001192093, 4.1918211957093e-11, 0, -0.0013476144522429, -8.8917734286653e-11, 0.99999916553497, 0, -1.5258788721439e-07, -1.5258788721439e-07, -7.6293943607197e-08, 1, },
		{ 0.99998962879181, -5.2958699925387e-11, 0.0045610028319061, 0, 2.4311018476109e-11, 1.0000001192093, 1.4191155195409e-10, 0, -0.0045610200613737, -3.0085750557518e-10, 0.99998962879181, 0, -1.5258788721439e-07, -1.5258788721439e-07, -7.6293943607197e-08, 1, },
		{ 0.99996477365494, -9.8554227279113e-11, 0.0083963852375746, 0, 4.4255949599448e-11, 1.0000001192093, 2.613333716095e-10, 0, -0.0083963768556714, -5.5366244922084e-10, 0.99996477365494, 0, -1.5258788721439e-07, -1.5258788721439e-07, -7.6293943607197e-08, 1, },
		{ 0.9999326467514, -1.3749908156502e-10, 0.011609652079642, 0, 6.0612646846092e-11, 1.0000001192093, 3.6144617854283e-10, 0, -0.011609630659223, -7.6533313020377e-10, 0.9999326467514, 0, -1.5258788721439e-07, -1.5258788721439e-07, -7.6293943607197e-08, 1, },
		{ 0.9999161362648, -1.5403341102616e-10, 0.012957124039531, 0, 6.7377013690528e-11, 1.0000001192093, 4.0344502738598e-10, 0, -0.012957134284079, -8.5406215433181e-10, 0.9999161362648, 0, -1.5258788721439e-07, -1.5258788721439e-07, -7.6293943607197e-08, 1, },
		{ 0.99994504451752, -1.2379981761956e-10, 0.010485437698662, 0, 5.4928304960011e-11, 1.0000001192093, 3.2641331304539e-10, 0, -0.010485435836017, -6.912891925559e-10, 0.99994504451752, 0, -1.5258788721439e-07, -1.5258788721439e-07, -7.6293943607197e-08, 1, },
		{ 0.99999541044235, -3.5365665257414e-11, 0.0030589904636145, 0, 1.6374256117668e-11, 1.0000001192093, 9.5165389457641e-11, 0, -0.0030590009409934, -2.0180697390959e-10, 0.99999541044235, 0, -1.5258788721439e-07, -1.5258788721439e-07, -7.6293943607197e-08, 1, },
		{ 0.99995636940002, 1.0414940437853e-10, -0.0093388734385371, 0, -5.1802319378513e-11, 1.0000001192093, -2.9022143022139e-10, 0, 0.0093388929963112, 6.1675597962108e-10, 0.99995636940002, 0, -1.5258788721439e-07, -1.5258788721439e-07, -7.6293943607197e-08, 1, },
		{ 0.99964290857315, 2.8268037910451e-10, -0.026721678674221, 0, -1.5544918130495e-10, 1.0000001192093, -8.2916590260496e-10, 0, 0.026721699163318, 1.7674133268031e-09, 0.99964290857315, 0, -1.5258788721439e-07, -1.5258788721439e-07, -7.6293943607197e-08, 1, },
		{ 0.9987940788269, 4.8308185229828e-10, -0.04909523576498, 0, -3.0270205786387e-10, 1.0000001192093, -1.5204408843061e-09, 0, 0.049095239490271, 3.2535383276411e-09, 0.9987940788269, 0, -1.5258788721439e-07, -1.5258788721439e-07, -7.6293943607197e-08, 1, },
		{ 0.99707180261612, 6.8317068668833e-10, -0.076470784842968, 0, -5.0414095120743e-10, 1.0000001192093, -2.3625683631678e-09, 0, 0.076470799744129, 5.0797468453823e-09, 0.99707192182541, 0, -1.5258788721439e-07, -1.5258788721439e-07, -7.6293943607197e-08, 1, },
		{ 0.9940510392189, 8.5566909113766e-10, -0.10891510546207, 0, -7.7334422199371e-10, 1.0000001192093, -3.3553309020107e-09, 0, 0.10891511291265, 7.2553176799772e-09, 0.9940510392189, 0, -1.5258788721439e-07, -1.5258788721439e-07, -7.6293943607197e-08, 1, },
		{ 0.98921376466751, 9.6696850526712e-10, -0.14647921919823, 0, -1.126700732712e-09, 1.0000001192093, -4.4975156932026e-09, 0, 0.14647921919823, 9.7895549444615e-09, 0.98921376466751, 0, -1.5258788721439e-07, -1.5258788721439e-07, -7.6293943607197e-08, 1, },
		{ 0.98194563388824, 9.7653951591781e-10, -0.18916310369968, 0, -1.5833131472576e-09, 1.0000001192093, -5.7858056123905e-09, 0, 0.18916310369968, 1.2689495676454e-08, 0.98194563388824, 0, -1.5258788721439e-07, -1.5258788721439e-07, -7.6293943607197e-08, 1, },
		{ 0.97153466939926, 8.365910186825e-10, -0.23689775168896, 0, -2.1649635417731e-09, 1.0000001192093, -7.2142047891077e-09, 0, 0.2368977367878, 1.5958748988965e-08, 0.97153466939926, 0, -1.5258788721439e-07, -1.5258788721439e-07, -7.6293943607197e-08, 1, },
		{ 0.9572542309761, 4.9421605696764e-10, -0.28924775123596, 0, -2.8918807348788e-09, 1.0000001192093, -8.7652525238013e-09, 0, 0.28924775123596, 1.9576907206442e-08, 0.9572542309761, 0, -1.5258788721439e-07, -1.5258788721439e-07, -7.6293943607197e-08, 1, },
		{ 0.93874782323837, -9.257856287137e-11, -0.34460511803627, 0, -3.7664893426381e-09, 1.0000001192093, -1.0387004145684e-08, 0, 0.34460511803627, 2.3441950602887e-08, 0.93874782323837, 0, -1.5258788721439e-07, -1.5258788721439e-07, -7.6293943607197e-08, 1, },
		{ 0.91603481769562, -9.4392249572195e-10, -0.40109878778458, 0, -4.7780606138303e-09, 1.0000001192093, -1.2021378559268e-08, 0, 0.40109878778458, 2.7430182569788e-08, 0.91603481769562, 0, -1.5258788721439e-07, -1.5258788721439e-07, -7.6293943607197e-08, 1, },
		{ 0.88949948549271, -2.0550194879121e-09, -0.45693618059158, 0, -5.9049725109617e-09, 1.0000001192093, -1.3614692484509e-08, 0, 0.45693618059158, 3.1418920798387e-08, 0.88949948549271, 0, -1.5258788721439e-07, -1.5258788721439e-07, -7.6293943607197e-08, 1, },
		{ 0.85989820957184, -3.3948825972629e-09, -0.5104655623436, 0, -7.1147727709331e-09, 1.0000001192093, -1.5119660190521e-08, 0, 0.5104655623436, 3.5290486977146e-08, 0.85989820957184, 0, -1.5258788721439e-07, -1.5258788721439e-07, -7.6293943607197e-08, 1, },
		{ 0.82855534553528, -4.8965222987363e-09, -0.55990719795227, 0, -8.3566611408514e-09, 1.0000001192093, -1.6488083787181e-08, 0, 0.55990719795227, 3.8912276068004e-08, 0.82855534553528, 0, -1.5258788721439e-07, -1.5258788721439e-07, -7.6293943607197e-08, 1, },
		{ 0.79810583591461, -6.4175060821015e-09, -0.6025173664093, 0, -9.533863476463e-09, 1.0000001192093, -1.7648863703812e-08, 0, 0.6025173664093, 4.207302595205e-08, 0.79810583591461, 0, -1.5258788721439e-07, -1.5258788721439e-07, -7.6293943607197e-08, 1, },
		{ 0.77192705869675, -7.7645854190678e-09, -0.63571119308472, 0, -1.0527372751312e-08, 1.0000001192093, -1.8539845214605e-08, 0, 0.63571119308472, 4.4563456924607e-08, 0.77192705869675, 0, -1.5258788721439e-07, -1.5258788721439e-07, -7.6293943607197e-08, 1, },
		{ 0.75366353988647, -8.7227984835181e-09, -0.65726047754288, 0, -1.1211803041533e-08, 1.0000001192093, -1.9111420002105e-08, 0, 0.65726047754288, 4.619477422807e-08, 0.75366348028183, 0, -1.5258788721439e-07, -1.5258788721439e-07, -7.6293943607197e-08, 1, },
		{ 0.74686080217361, -9.0832275034813e-09, -0.66498041152954, 0, -1.1465081328765e-08, 1.0000001192093, -1.9314777333079e-08, 0, 0.66498047113419, 4.6782165696868e-08, 0.74686080217361, 0, -1.5258788721439e-07, -1.5258788721439e-07, -7.6293943607197e-08, 1, },
		{ 0.75013422966003, -8.9095602007205e-09, -0.6612856388092, 0, -1.1343312067424e-08, 1.0000001192093, -1.9217543112404e-08, 0, 0.6612856388092, 4.6500833406071e-08, 0.75013422966003, 0, -1.5258788721439e-07, -1.5258788721439e-07, -7.6293943607197e-08, 1, },
		{ 0.75962591171265, -8.4084295082221e-09, -0.65036034584045, 0, -1.098908875008e-08, 1.0000001192093, -1.8929014800051e-08, 0, 0.65036034584045, 4.5671104231815e-08, 0.75962591171265, 0, -1.5258788721439e-07, -1.5258788721439e-07, -7.6293943607197e-08, 1, },
		{ 0.7747009396553, -7.6203132692854e-09, -0.63232785463333, 0, -1.0422821716816e-08, 1.0000001192093, -1.8449602734449e-08, 0, 0.63232785463333, 4.4308404056892e-08, 0.7747009396553, 0, -1.5258788721439e-07, -1.5258788721439e-07, -7.6293943607197e-08, 1, },
		{ 0.79455459117889, -6.5982614927407e-09, -0.60719281435013, 0, -9.6695664808522e-09, 1.0000001192093, -1.777509694989e-08, 0, 0.60719281435013, 4.2422247048535e-08, 0.79455459117889, 0, -1.5258788721439e-07, -1.5258788721439e-07, -7.6293943607197e-08, 1, },
		{ 0.81823152303696, -5.4060809162593e-09, -0.57488888502121, 0, -8.7586773389603e-09, 1.0000001192093, -1.6898280108535e-08, 0, 0.57488894462585, 4.0019212832476e-08, 0.81823152303696, 0, -1.5258788721439e-07, -1.5258788721439e-07, -7.6293943607197e-08, 1, },
		{ 0.84452730417252, -4.1221301927408e-09, -0.53551250696182, 0, -7.7281292476528e-09, 1.0000001192093, -1.5815636800198e-08, 0, 0.53551250696182, 3.7119455953416e-08, 0.84452730417252, 0, -1.5258788721439e-07, -1.5258788721439e-07, -7.6293943607197e-08, 1, },
		{ 0.87173718214035, -2.8484967717901e-09, -0.48997369408607, 0, -6.6358669670308e-09, 1.0000001192093, -1.4546275295402e-08, 0, 0.48997369408607, 3.3802578514042e-08, 0.87173718214035, 0, -1.5258788721439e-07, -1.5258788721439e-07, -7.6293943607197e-08, 1, },
		{ 0.89820772409439, -1.6793838542029e-09, -0.43957111239433, 0, -5.5403290843969e-09, 1.0000001192093, -1.3121646880165e-08, 0, 0.43957111239433, 3.0173225695762e-08, 0.89820772409439, 0, -1.5258788721439e-07, -1.5258788721439e-07, -7.6293943607197e-08, 1, },
		{ 0.92256635427475, -6.8780725559492e-10, -0.38583844900131, 0, -4.4924881592578e-09, 1.0000001192093, -1.1582033998536e-08, 0, 0.38583844900131, 2.634832085846e-08, 0.92256635427475, 0, -1.5258788721439e-07, -1.5258788721439e-07, -7.6293943607197e-08, 1, },
		{ 0.94379621744156, 7.9237769123885e-11, -0.3305279314518, 0, -3.5334315473534e-09, 1.0000001192093, -9.9764463357133e-09, 0, 0.3305279314518, 2.2455157733248e-08, 0.94379621744156, 0, -1.5258788721439e-07, -1.5258788721439e-07, -7.6293943607197e-08, 1, },
		{ 0.96129465103149, 6.0353300135318e-10, -0.2755221426487, 0, -2.692076117583e-09, 1.0000001192093, -8.3601854328208e-09, 0, 0.2755221426487, 1.8624870534723e-08, 0.96129477024078, 0, -1.5258788721439e-07, -1.5258788721439e-07, -7.6293943607197e-08, 1, },
		{ 0.97490119934082, 8.9532453673158e-10, -0.22263817489147, 0, -1.9832298026046e-09, 1.0000001192093, -6.7888907828717e-09, 0, 0.22263817489147, 1.4979200102516e-08, 0.97490119934082, 0, -1.5258788721439e-07, -1.5258788721439e-07, -7.6293943607197e-08, 1, },
		{ 0.98480099439621, 9.8758135003152e-10, -0.17368683218956, 0, -1.4109124979456e-09, 1.0000001192093, -5.3198876415195e-09, 0, 0.17368684709072, 1.1635518326614e-08, 0.98480087518692, 0, -1.5258788721439e-07, -1.5258788721439e-07, -7.6293943607197e-08, 1, },
		{ 0.99145287275314, 9.3119273403275e-10, -0.13046585023403, 0, -9.7056251924243e-10, 1.0000001192093, -4.011564413986e-09, 0, 0.13046585023403, 8.7071967413976e-09, 0.99145275354385, 0, -1.5258788721439e-07, -1.5258788721439e-07, -7.6293943607197e-08, 1, },
		{ 0.9955033659935, 7.8889228483092e-10, -0.094725996255875, 0, -6.5152883088615e-10, 1.0000001192093, -2.9218678587739e-09, 0, 0.094726003706455, 6.3023559704334e-09, 0.9955033659935, 0, -1.5258788721439e-07, -1.5258788721439e-07, -7.6293943607197e-08, 1, },
		{ 0.99771153926849, 6.2389010624386e-10, -0.067615009844303, 0, -4.3640840940995e-10, 1.0000001192093, -2.0905923658887e-09, 0, 0.067615017294884, 4.4880370531075e-09, 0.9977114200592, 0, -1.5258788721439e-07, -1.5258788721439e-07, -7.6293943607197e-08, 1, },
		{ 0.99884486198425, 4.7447717976823e-10, -0.04805226624012, 0, -2.954900490959e-10, 1.0000001192093, -1.4882768351043e-09, 0, 0.048052284866571, 3.184132513212e-09, 0.99884486198425, 0, -1.5258788721439e-07, -1.5258788721439e-07, -7.6293943607197e-08, 1, },
		{ 0.99940925836563, 3.548928373398e-10, -0.034368149936199, 0, -2.0401833000783e-10, 1.0000001192093, -1.0657228433075e-09, 0, 0.034368142485619, 2.2746688976838e-09, 0.99940931797028, 0, -1.5258788721439e-07, -1.5258788721439e-07, -7.6293943607197e-08, 1, },
		{ 0.99969071149826, 2.6462548818884e-10, -0.02487082965672, 0, -1.4396681069506e-10, 1.0000001192093, -7.7185929869827e-10, 0, 0.024870840832591, 1.6447310180467e-09, 0.99969071149826, 0, -1.5258788721439e-07, -1.5258788721439e-07, -7.6293943607197e-08, 1, },
		{ 0.99984043836594, 1.9415384577837e-10, -0.0178595893085, 0, -1.0143372947136e-10, 1.0000001192093, -5.5460686043673e-10, 0, 0.01785958185792, 1.1803531485555e-09, 0.99984043836594, 0, -1.5258788721439e-07, -1.5258788721439e-07, -7.6293943607197e-08, 1, },
		{ 0.99992871284485, 1.3221583550216e-10, -0.01194715872407, 0, -6.6755691252585e-11, 1.0000001192093, -3.7119352036541e-10, 0, 0.011947145685554, 7.8918954704577e-10, 0.9999286532402, 0, -1.5258788721439e-07, -1.5258788721439e-07, -7.6293943607197e-08, 1, },
		{ 0.99997538328171, 7.8726185293032e-11, -0.0070109847001731, 0, -3.8635962484879e-11, 1.0000001192093, -2.1792283255717e-10, 0, 0.0070110028609633, 4.6292439326301e-10, 0.99997538328171, 0, -1.5258788721439e-07, -1.5258788721439e-07, -7.6293943607197e-08, 1, },
		{ 0.99999475479126, 3.683968408108e-11, -0.0032450698781759, 0, -1.7696268062029e-11, 1.0000001192093, -1.0090042690258e-10, 0, 0.0032450659200549, 2.1419624407493e-10, 0.99999475479126, 0, -1.5258788721439e-07, -1.5258788721439e-07, -7.6293943607197e-08, 1, },
		{ 0.99999958276749, 9.6401107582689e-12, -0.0008435916970484, 0, -4.5725428651777e-12, 1.0000001192093, -2.6235713254663e-11, 0, 0.00084359478205442, 5.5669715365303e-11, 0.99999958276749, 0, -1.5258788721439e-07, -1.5258788721439e-07, -7.6293943607197e-08, 1, },
	},
}
end
