function data()
return {
	times = { 0, 41.667, 83.333, 125, 166.667, 208.333, 250, 291.667, 333.333, 375, 416.667, 458.333, 500, 541.667, 583.333, 625, 666.667, 708.333, 750, 791.667, 833.333, 875, 916.667, 958.333, 1000, 1041.667, 1083.333, 1125, 1166.667, 1208.333, 1250, 1291.667, 1333.333, 1375, 1416.667, 1458.333, 1500, 1541.667, 1583.333, 1625, 1666.667, 1708.333, 1750, 1791.667, 1833.333, 1875, 1916.667, 1958.333, 2000, 2041.667, 2083.333, 2125, 2166.667, 2208.333, 2250, 2291.667, 2333.333, 2375, 2416.667, 2458.333, 2500, 2541.667, 2583.333, 2625, 2666.667, 2708.333, 2750, 2791.667, 2833.333, 2875, 2916.667, 3000, 3125, 3166.667, 3208.333, 3250, 3291.667, 3333.333, 3375, 3416.667, 3458.333, 3500, 3541.667, 3583.333, 3625, 3666.667, 3708.333, 3750, 3791.667, 3833.333, 3875, 3916.667, 3958.333, 4000, 4041.667, 4083.333, 4125, 4166.667, },
	transfs = {
		{ 1, 0, 0, 0, 0, 1, 0, 0, 0, 0, 1, 0, 3.0517577442879e-07, 0, 3.8146971803599e-08, 1, },
		{ 0.99999952316284, 0, 0.00098840985447168, 0, 0, 1, 0, 0, -0.00098840985447168, 0, 0.99999952316284, 0, -0.0052850339561701, 0, -7.6828000601381e-05, 1, },
		{ 0.99999338388443, 0, 0.0036398647353053, 0, 0, 1, 0, 0, -0.0036398647353053, 0, 0.99999338388443, 0, -0.019270934164524, 0, -0.0002801513473969, 1, },
		{ 0.9999720454216, 0, 0.0074836565181613, 0, 0, 1, 0, 0, -0.0074836565181613, 0, 0.9999720454216, 0, -0.039156187325716, 0, -0.00056926725665107, 1, },
		{ 0.99992734193802, 0, 0.012049032375216, 0, 0, 1, 0, 0, -0.012049032375216, 0, 0.99992734193802, 0, -0.062137756496668, 0, -0.00090339657617733, 1, },
		{ 0.99985778331757, 0, 0.016865208745003, 0, 0, 1, 0, 0, -0.016865208745003, 0, 0.99985778331757, 0, -0.085413202643394, 0, -0.0012417983962223, 1, },
		{ 0.99976778030396, 0, 0.02154747210443, 0, 0, 1, 0, 0, -0.02154747210443, 0, 0.99976778030396, 0, -0.10670196264982, 0, -0.0015513228718191, 1, },
		{ 0.99966049194336, 0, 0.026055188849568, 0, 0, 1, 0, 0, -0.026055188849568, 0, 0.99966049194336, 0, -0.12580917775631, 0, -0.0018291091546416, 1, },
		{ 0.99953675270081, 0, 0.030433749780059, 0, 0, 1, 0, 0, -0.030433749780059, 0, 0.99953675270081, 0, -0.14306105673313, 0, -0.002079963684082, 1, },
		{ 0.99939674139023, 0, 0.034728534519672, 0, 0, 1, 0, 0, -0.034728534519672, 0, 0.99939674139023, 0, -0.15878401696682, 0, -0.0023085402790457, 1, },
		{ 0.99923980236053, 0, 0.03898486495018, 0, 0, 1, 0, 0, -0.03898486495018, 0, 0.99923980236053, 0, -0.17330504953861, 0, -0.0025196836795658, 1, },
		{ 0.99906438589096, 0, 0.043247833848, 0, 0, 1, 0, 0, -0.043247833848, 0, 0.99906438589096, 0, -0.18689681589603, 0, -0.0027172851841897, 1, },
		{ 0.99886834621429, 0, 0.047561306506395, 0, 0, 1, 0, 0, -0.047561306506395, 0, 0.99886834621429, 0, -0.19962051510811, 0, -0.0029022598173469, 1, },
		{ 0.9986487030983, 0, 0.051968846470118, 0, 0, 1, 0, 0, -0.051968846470118, 0, 0.9986487030983, 0, -0.21148376166821, 0, -0.0030747603159398, 1, },
		{ 0.99840182065964, 0, 0.056513950228691, 0, 0, 1, 0, 0, -0.056513950228691, 0, 0.99840182065964, 0, -0.2224929779768, 0, -0.0032348250970244, 1, },
		{ 0.99812299013138, 0, 0.061240080744028, 0, 0, 1, 0, 0, -0.061240080744028, 0, 0.99812299013138, 0, -0.23265640437603, 0, -0.0033825682476163, 1, },
		{ 0.99781006574631, 0, 0.066143102943897, 0, 0, 1, 0, 0, -0.066143102943897, 0, 0.99781006574631, 0, -0.24198439717293, 0, -0.0035182188730687, 1, },
		{ 0.99747431278229, 0, 0.071028791368008, 0, 0, 1, 0, 0, -0.071028791368008, 0, 0.99747431278229, 0, -0.25050184130669, 0, -0.0036420440301299, 1, },
		{ 0.99713391065598, 0, 0.075655788183212, 0, 0, 1, 0, 0, -0.075655788183212, 0, 0.99713391065598, 0, -0.25823500752449, 0, -0.0037544630467892, 1, },
		{ 0.99681222438812, 0, 0.079783014953136, 0, 0, 1, 0, 0, -0.079783014953136, 0, 0.99681222438812, 0, -0.26521223783493, 0, -0.0038558959495276, 1, },
		{ 0.99653536081314, 0, 0.083169735968113, 0, 0, 1, 0, 0, -0.083169735968113, 0, 0.99653536081314, 0, -0.27146086096764, 0, -0.0039467620663345, 1, },
		{ 0.9963259100914, 0, 0.085641831159592, 0, 0, 1, 0, 0, -0.085641831159592, 0, 0.9963259100914, 0, -0.27697157859802, 0, -0.0040268707089126, 1, },
		{ 0.99618285894394, 0, 0.087290614843369, 0, 0, 1, 0, 0, -0.087290614843369, 0, 0.99618285894394, 0, -0.28104904294014, 0, -0.004086151253432, 1, },
		{ 0.99609625339508, 0, 0.088273577392101, 0, 0, 1, 0, 0, -0.088273577392101, 0, 0.99609625339508, 0, -0.28512665629387, 0, -0.0041454313322902, 1, },
		{ 0.99605405330658, 0, 0.088748075067997, 0, 0, 1, 0, 0, -0.088748075067997, 0, 0.99605405330658, 0, -0.2836956679821, 0, -0.004124641418457, 1, },
		{ 0.99604308605194, 0, 0.088871337473392, 0, 0, 1, 0, 0, -0.088871337473392, 0, 0.99604308605194, 0, -0.28226470947266, 0, -0.0041038510389626, 1, },
		{ 0.99610638618469, 0, 0.088158421218395, 0, 0, 1, 0, 0, -0.088158421218395, 0, 0.99610638618469, 0, -0.28083357214928, 0, -0.0040830229409039, 1, },
		{ 0.99627506732941, 0, 0.08623294532299, 0, 0, 1, 0, 0, -0.08623294532299, 0, 0.99627506732941, 0, -0.27940261363983, 0, -0.0040622330270708, 1, },
		{ 0.99651485681534, 0, 0.083414688706398, 0, 0, 1, 0, 0, -0.083414688706398, 0, 0.99651485681534, 0, -0.27797165513039, 0, -0.0040414044633508, 1, },
		{ 0.99679297208786, 0, 0.080023489892483, 0, 0, 1, 0, 0, -0.080023489892483, 0, 0.99679297208786, 0, -0.27654066681862, 0, -0.0040206145495176, 1, },
		{ 0.99707877635956, 0, 0.076379425823689, 0, 0, 1, 0, 0, -0.076379425823689, 0, 0.99707877635956, 0, -0.27106750011444, 0, -0.003941040020436, 1, },
		{ 0.99735176563263, 0, 0.072728082537651, 0, 0, 1, 0, 0, -0.072728082537651, 0, 0.99735176563263, 0, -0.26501938700676, 0, -0.0038531112950295, 1, },
		{ 0.99761551618576, 0, 0.069015495479107, 0, 0, 1, 0, 0, -0.069015495479107, 0, 0.99761551618576, 0, -0.25832229852676, 0, -0.0037557219620794, 1, },
		{ 0.99787783622742, 0, 0.065112672746181, 0, 0, 1, 0, 0, -0.065112672746181, 0, 0.99787783622742, 0, -0.25083404779434, 0, -0.0036468505859375, 1, },
		{ 0.99814450740814, 0, 0.060890503227711, 0, 0, 1, 0, 0, -0.060890503227711, 0, 0.99814450740814, 0, -0.24241454899311, 0, -0.0035244368482381, 1, },
		{ 0.99841839075089, 0, 0.056219764053822, 0, 0, 1, 0, 0, -0.056219764053822, 0, 0.99841839075089, 0, -0.23292174935341, 0, -0.0033864211291075, 1, },
		{ 0.9986971616745, 0, 0.051028922200203, 0, 0, 1, 0, 0, -0.051028922200203, 0, 0.9986971616745, 0, -0.22224624454975, 0, -0.0032312392722815, 1, },
		{ 0.9989652633667, 0, 0.045477818697691, 0, 0, 1, 0, 0, -0.045477818697691, 0, 0.9989652633667, 0, -0.21040588617325, 0, -0.0030590819660574, 1, },
		{ 0.99920833110809, 0, 0.039784349501133, 0, 0, 1, 0, 0, -0.039784349501133, 0, 0.99920833110809, 0, -0.19744902849197, 0, -0.0028707121964544, 1, },
		{ 0.99941611289978, 0, 0.034166660159826, 0, 0, 1, 0, 0, -0.034166660159826, 0, 0.99941611289978, 0, -0.18342497944832, 0, -0.0026668165810406, 1, },
		{ 0.99958384037018, 0, 0.028843112289906, 0, 0, 1, 0, 0, -0.028843112289906, 0, 0.99958384037018, 0, -0.16838257014751, 0, -0.0024481201544404, 1, },
		{ 0.99971115589142, 0, 0.024029593914747, 0, 0, 1, 0, 0, -0.024029593914747, 0, 0.99971115589142, 0, -0.15240478515625, 0, -0.0022158049978316, 1, },
		{ 0.99980133771896, 0, 0.019931962713599, 0, 0, 1, 0, 0, -0.019931962713599, 0, 0.99980133771896, 0, -0.13570891320705, 0, -0.0019730376079679, 1, },
		{ 0.99985963106155, 0, 0.016753509640694, 0, 0, 1, 0, 0, -0.016753509640694, 0, 0.99985963106155, 0, -0.11854659765959, 0, -0.0017235183622688, 1, },
		{ 0.99989193677902, 0, 0.014697465114295, 0, 0, 1, 0, 0, -0.014697465114295, 0, 0.99989193677902, 0, -0.10116866976023, 0, -0.0014708709204569, 1, },
		{ 0.99990236759186, 0, 0.013966983184218, 0, 0, 1, 0, 0, -0.013966983184218, 0, 0.99990236759186, 0, -0.083827205002308, 0, -0.0012187575921416, 1, },
		{ 0.99989783763885, 0, 0.014290747232735, 0, 0, 1, 0, 0, -0.014290747232735, 0, 0.99989783763885, 0, -0.066706232726574, 0, -0.0009698104695417, 1, },
		{ 0.99988299608231, 0, 0.015296683646739, 0, 0, 1, 0, 0, -0.015296683646739, 0, 0.99988299608231, 0, -0.049724731594324, 0, -0.00072292325785384, 1, },
		{ 0.99985486268997, 0, 0.01703673042357, 0, 0, 1, 0, 0, -0.01703673042357, 0, 0.99985486268997, 0, -0.032733459025621, 0, -0.00047588348388672, 1, },
		{ 0.99980860948563, 0, 0.019562790170312, 0, 0, 1, 0, 0, -0.019562790170312, 0, 0.99980860948563, 0, -0.015584716573358, 0, -0.00022655486827716, 1, },
		{ 0.99973714351654, 0, 0.022926695644855, 0, 0, 1, 0, 0, -0.022926695644855, 0, 0.99973714351654, 0, 0.0018704222748056, 0, 2.7198790121474e-05, 1, },
		{ 0.99963068962097, 0, 0.027173597365618, 0, 0, 1, 0, 0, -0.027173597365618, 0, 0.99963068962097, 0, 0.019730834290385, 0, 0.00028686522273347, 1, },
		{ 0.99947738647461, 0, 0.032322101294994, 0, 0, 1, 0, 0, -0.032322101294994, 0, 0.99947738647461, 0, 0.037897948175669, 0, 0.000551033008378, 1, },
		{ 0.999263048172, 0, 0.03838399425149, 0, 0, 1, 0, 0, -0.03838399425149, 0, 0.999263048172, 0, 0.056224670261145, 0, 0.00081748957745731, 1, },
		{ 0.99897021055222, 0, 0.045370846986771, 0, 0, 1, 0, 0, -0.045370846986771, 0, 0.99897021055222, 0, 0.074563600122929, 0, 0.0010840988252312, 1, },
		{ 0.99857878684998, 0, 0.053293827921152, 0, 0, 1, 0, 0, -0.053293827921152, 0, 0.99857878684998, 0, 0.092767030000687, 0, 0.0013487625401467, 1, },
		{ 0.99806898832321, 0, 0.062114965170622, 0, 0, 1, 0, 0, -0.062114965170622, 0, 0.99806898832321, 0, 0.1106942743063, 0, 0.0016094207530841, 1, },
		{ 0.99743336439133, 0, 0.07160098105669, 0, 0, 1, 0, 0, -0.07160098105669, 0, 0.99743336439133, 0, 0.12822814285755, 0, 0.0018643188523129, 1, },
		{ 0.99667578935623, 0, 0.081470154225826, 0, 0, 1, 0, 0, -0.081470154225826, 0, 0.99667578935623, 0, 0.14525878429413, 0, 0.0021119308657944, 1, },
		{ 0.99581044912338, 0, 0.091441132128239, 0, 0, 1, 0, 0, -0.091441132128239, 0, 0.99581044912338, 0, 0.16167724132538, 0, 0.0023506544530392, 1, },
		{ 0.99486261606216, 0, 0.10123352706432, 0, 0, 1, 0, 0, -0.10123352706432, 0, 0.99486261606216, 0, 0.17737212777138, 0, 0.0025788496714085, 1, },
		{ 0.99385863542557, 0, 0.1106566414237, 0, 0, 1, 0, 0, -0.1106566414237, 0, 0.99385863542557, 0, 0.19225157797337, 0, 0.0027951812371612, 1, },
		{ 0.99278903007507, 0, 0.11987503618002, 0, 0, 1, 0, 0, -0.11987503618002, 0, 0.99278903007507, 0, 0.20629088580608, 0, 0.0029992675408721, 1, },
		{ 0.99162626266479, 0, 0.12914088368416, 0, 0, 1, 0, 0, -0.12914088368416, 0, 0.99162626266479, 0, 0.21948364377022, 0, 0.0031911085825413, 1, },
		{ 0.9903336763382, 0, 0.13870553672314, 0, 0, 1, 0, 0, -0.13870553672314, 0, 0.9903336763382, 0, 0.23182280361652, 0, 0.0033705139067024, 1, },
		{ 0.98886442184448, 0, 0.14881846308708, 0, 0, 1, 0, 0, -0.14881846308708, 0, 0.98886442184448, 0, 0.24330107867718, 0, 0.0035373687278479, 1, },
		{ 0.98719877004623, 0, 0.15949434041977, 0, 0, 1, 0, 0, -0.15949434041977, 0, 0.98719877004623, 0, 0.25389954447746, 0, 0.0036914823576808, 1, },
		{ 0.985475897789, 0, 0.16981554031372, 0, 0, 1, 0, 0, -0.16981554031372, 0, 0.985475897789, 0, 0.26354795694351, 0, 0.0038317488506436, 1, },
		{ 0.98391485214233, 0, 0.17863821983337, 0, 0, 1, 0, 0, -0.17863821983337, 0, 0.98391485214233, 0, 0.2721646130085, 0, 0.0039570233784616, 1, },
		{ 0.98277133703232, 0, 0.18482577800751, 0, 0, 1, 0, 0, -0.18482577800751, 0, 0.98277133703232, 0, 0.27966797351837, 0, 0.0040661240927875, 1, },
		{ 0.98231333494186, 0, 0.18724440038204, 0, 0, 1, 0, 0, -0.18724440038204, 0, 0.98231333494186, 0, 0.2859753370285, 0, 0.0041578290984035, 1, },
		{ 0.98229360580444, 0, 0.1873481720686, 0, 0, 1, 0, 0, -0.1873481720686, 0, 0.98229360580444, 0, 0.29485839605331, 0, 0.0042869565077126, 1, },
		{ 0.9822638630867, 0, 0.18750385940075, 0, 0, 1, 0, 0, -0.18750385940075, 0, 0.9822638630867, 0, 0.2920663356781, 0, 0.0042463685385883, 1, },
		{ 0.9824059009552, 0, 0.18675838410854, 0, 0, 1, 0, 0, -0.18675838410854, 0, 0.9824059009552, 0, 0.29113584756851, 0, 0.0042328643612564, 1, },
		{ 0.98280841112137, 0, 0.1846280246973, 0, 0, 1, 0, 0, -0.1846280246973, 0, 0.98280841112137, 0, 0.2902050614357, 0, 0.0042193219996989, 1, },
		{ 0.98343312740326, 0, 0.18127126991749, 0, 0, 1, 0, 0, -0.18127126991749, 0, 0.98343312740326, 0, 0.28927427530289, 0, 0.0042057801038027, 1, },
		{ 0.98423844575882, 0, 0.17684617638588, 0, 0, 1, 0, 0, -0.17684617638588, 0, 0.98423844575882, 0, 0.28834381699562, 0, 0.0041922759264708, 1, },
		{ 0.98518216609955, 0, 0.17151080071926, 0, 0, 1, 0, 0, -0.17151080071926, 0, 0.98518216609955, 0, 0.28741303086281, 0, 0.0041787335649133, 1, },
		{ 0.98622608184814, 0, 0.16540245711803, 0, 0, 1, 0, 0, -0.16540245711803, 0, 0.98622608184814, 0, 0.28086546063423, 0, 0.0040835188701749, 1, },
		{ 0.98734682798386, 0, 0.15857560932636, 0, 0, 1, 0, 0, -0.15857560932636, 0, 0.98734682798386, 0, 0.27284452319145, 0, 0.0039669037796557, 1, },
		{ 0.98852384090424, 0, 0.15106436610222, 0, 0, 1, 0, 0, -0.15106436610222, 0, 0.98852384090424, 0, 0.26354917883873, 0, 0.0038317870348692, 1, },
		{ 0.98973679542542, 0, 0.14290252327919, 0, 0, 1, 0, 0, -0.14290252327919, 0, 0.98973679542542, 0, 0.25317838788033, 0, 0.0036809919402003, 1, },
		{ 0.99096447229385, 0, 0.13412453234196, 0, 0, 1, 0, 0, -0.13412453234196, 0, 0.99096447229385, 0, 0.24193236231804, 0, 0.003517494071275, 1, },
		{ 0.99218374490738, 0, 0.12478509545326, 0, 0, 1, 0, 0, -0.12478509545326, 0, 0.99218374490738, 0, 0.22997863590717, 0, 0.0033436964731663, 1, },
		{ 0.99336308240891, 0, 0.11502096056938, 0, 0, 1, 0, 0, -0.11502096056938, 0, 0.99336308240891, 0, 0.21736358106136, 0, 0.0031602857634425, 1, },
		{ 0.99447321891785, 0, 0.10498987883329, 0, 0, 1, 0, 0, -0.10498987883329, 0, 0.99447321891785, 0, 0.20410339534283, 0, 0.0029674910474569, 1, },
		{ 0.99549144506454, 0, 0.094850517809391, 0, 0, 1, 0, 0, -0.094850517809391, 0, 0.99549144506454, 0, 0.19021300971508, 0, 0.0027655409649014, 1, },
		{ 0.99640119075775, 0, 0.084762282669544, 0, 0, 1, 0, 0, -0.084762282669544, 0, 0.99640119075775, 0, 0.17570891976357, 0, 0.0025546646211296, 1, },
		{ 0.99719536304474, 0, 0.074841663241386, 0, 0, 1, 0, 0, -0.074841663241386, 0, 0.99719536304474, 0, 0.1605386286974, 0, 0.0023340987972915, 1, },
		{ 0.99788320064545, 0, 0.065031848847866, 0, 0, 1, 0, 0, -0.065031848847866, 0, 0.99788320064545, 0, 0.14438140392303, 0, 0.0020991896744817, 1, },
		{ 0.9984735250473, 0, 0.055232185870409, 0, 0, 1, 0, 0, -0.055232185870409, 0, 0.9984735250473, 0, 0.12684844434261, 0, 0.0018442535074428, 1, },
		{ 0.9989715218544, 0, 0.04534175246954, 0, 0, 1, 0, 0, -0.04534175246954, 0, 0.9989715218544, 0, 0.10755126923323, 0, 0.0015637206379324, 1, },
		{ 0.9993782043457, 0, 0.035259507596493, 0, 0, 1, 0, 0, -0.035259507596493, 0, 0.9993782043457, 0, 0.086102291941643, 0, 0.0012518691364676, 1, },
		{ 0.99968594312668, 0, 0.025056777521968, 0, 0, 1, 0, 0, -0.025056777521968, 0, 0.99968594312668, 0, 0.062648616731167, 0, 0.00091087340842932, 1, },
		{ 0.99987983703613, 0, 0.01549515593797, 0, 0, 1, 0, 0, -0.01549515593797, 0, 0.99987983703613, 0, 0.039483033120632, 0, 0.000574073754251, 1, },
		{ 0.99997174739838, 0, 0.007509105373174, 0, 0, 1, 0, 0, -0.007509105373174, 0, 0.99997174739838, 0, 0.019433593377471, 0, 0.00028255462530069, 1, },
		{ 0.99999791383743, 0, 0.0020328359678388, 0, 0, 1, 0, 0, -0.0020328359678388, 0, 0.99999791383743, 0, 0.0053302003070712, 0, 7.7514647273347e-05, 1, },
		{ 1, 0, 0, 0, 0, 1, 0, 0, 0, 0, 1, 0, 3.0517577442879e-07, 0, 3.8146971803599e-08, 1, },
	},
}
end
